1342183046
1342183047
1342183048
1342183049
1342183050
1342183051
1342183052
1342183053
1342183054
1342183055
1342183056
1342183057
1342183058
1342183059
1342183060
1342183061
1342183062
1342183063
1342183064
1342183067
1342183068
1342183069
1342183070
1342183071
1342183072
1342183073
1342183074
1342183075
1342183076
1342184470
1342184471
1342184472
1342184473
1342184474
1342184475
1342184480
1342184481
1342184482
1342184483
1342184484
1342184485
1342184486
1342184487
1342184488
1342185641
1342185642
1342185643
1342185644
1342185645
1342185646
1342185647
1342186121
1342186122
1342186123
1342186233
1342186234
1342186235
1342186236
1342186275
1342186276
1342186277
1342186278
1342186294
1342187170
1342187171
1342187188
1342187189
1342187265
1342187266
1342187331
1342187332
1342187646
1342187647
1342187648
1342187649
1342187650
1342187711
1342187712
1342187713
1342188084
1342188085
1342188086
1342188087
1342188088
1342188089
1342188090
1342188096
1342188097
1342188650
1342188651
1342188652
1342188653
1342188654
1342188655
1342188679
1342188680
1342188681
1342188682
1342188683
1342188684
1342189003
1342189004
1342189031
1342189079
1342189080
1342189081
1342189082
1342189083
1342189084
1342189108
1342189109
1342189110
1342189661
1342189662
1342189663
1342189664
1342189691
1342189692
1342189693
1342189694
1342189843
1342189844
1342189845
1342189846
1342189878
1342189879
1342189880
1342189881
1342190254
1342190255
1342190261
1342190262
1342190263
1342190264
1342190265
1342190266
1342190267
1342190268
1342190269
1342190270
1342190271
1342190272
1342190273
1342190274
1342190275
1342190276
1342190310
1342190311
1342190312
1342190313
1342190324
1342190325
1342190326
1342190327
1342190614
1342190615
1342190616
1342190617
1342190618
1342190652
1342190653
1342190654
1342190655
1342192680
1342192681
1342192682
1342192683
1342192697
1342192698
1342192699
1342195668
1342195669
1342195681
1342195682
1342195683
1342195684
1342195707
1342195708
1342195712
1342195713
1342195728
1342195729
1342195743
1342196626
1342196656
1342196657
1342196658
1342196885
1342196886
1342196917
1342196918
1342197280
1342197281
1342197282
1342197283
1342197305
1342197306
1342197307
1342197308
1342198147
1342198148
1342198186
1342198187
1342198246
1342198247
1342198565
1342198566
1342198590
1342198591
1342198592
1342198593
1342198861
1342198862
1342198863
1342199758
1342199759
1342199776
1342199777
1342200112
1342200113
1342200114
1342200115
1342200121
1342200122
1342200123
1342200124
1342201124
1342201125
1342201139
1342201140
1342202086
1342202087
1342202088
1342202089
1342202090
1342202202
1342202203
1342202216
1342202217
1342202224
1342202225
1342202243
1342202244
1342202250
1342202251
1342202252
1342202253
1342202254
1342203064
1342203065
1342203066
1342203067
1342203068
1342203069
1342203070
1342203071
1342203081
1342203082
1342203083
1342203084
1342203085
1342203086
1342203087
1342203088
1342203278
1342203279
1342203280
1342203281
1342203282
1342203283
1342203287
1342203288
1342203289
1342203290
1342203291
1342203292
1342203293
1342203294
1342204042
1342204043
1342204044
1342204045
1342204046
1342204047
1342204048
1342204049
1342204052
1342204053
1342204054
1342204055
1342204056
1342204057
1342204058
1342204059
1342204088
1342204089
1342204090
1342204091
1342204092
1342204093
1342204094
1342204095
1342204098
1342204099
1342204100
1342204101
1342204102
1342204103
1342204104
1342204105
1342204362
1342204363
1342204364
1342204365
1342204366
1342204367
1342204368
1342204369
1342204419
1342204420
1342204421
1342204422
1342204423
1342204424
1342204841
1342204842
1342204843
1342204844
1342204845
1342204846
1342204847
1342204848
1342204854
1342204855
1342204856
1342204857
1342204858
1342204859
1342204860
1342204861
1342205047
1342205048
1342205049
1342205050
1342205054
1342205055
1342205056
1342205057
1342205074
1342205075
1342205076
1342205077
1342205078
1342205079
1342205092
1342205093
1342205094
1342206676
1342206677
1342206678
1342206679
1342206680
1342206692
1342206693
1342206694
1342206695
1342206696
1342207026
1342207027
1342207028
1342207029
1342207030
1342207031
1342207052
1342207053
1342207054
1342207055
1342210558
1342210559
1342210567
1342210568
1342210902
1342210903
1342210917
1342210918
1342210931
1342210932
1342210946
1342210947
1342210963
1342210964
1342210982
1342210983
1342211292
1342211293
1342211294
1342211307
1342211308
1342211309
1342211317
1342211318
1342211319
1342211368
1342211369
1342211370
1342211397
1342211398
1342211415
1342211416
1342211604
1342211605
1342211606
1342211615
1342211616
1342211617
1342212284
1342212285
1342212300
1342212301
1342212302
1342212357
1342212358
1342212378
1342212379
1342212407
1342212408
1342212433
1342212434
1342213178
1342213179
1342213180
1342213181
1342213182
1342213183
1342213207
1342213208
1342213209
1342214504
1342214505
1342214506
1342214507
1342214508
1342214509
1342214510
1342214511
1342214575
1342214576
1342214577
1342214578
1342214712
1342214713
1342214714
1342214761
1342214762
1342214763
1342214764
1342215982
1342215983
1342215984
1342215985
1342216011
1342216012
1342216013
1342216014
1342216015
1342216016
1342216017
1342216018
1342216019
1342216020
1342218642
1342218643
1342218644
1342218645
1342218646
1342218647
1342218692
1342218693
1342218694
1342218695
1342218696
1342218697
1342218963
1342218964
1342218965
1342218966
1342218967
1342218968
1342218995
1342218996
1342218997
1342218998
1342218999
1342219000
1342219619
1342219620
1342219621
1342219629
1342219630
1342219631
1342219642
1342219643
1342219811
1342219812
1342219813
1342219814
1342219815
1342219951
1342219952
1342219953
1342219978
1342219979
1342219980
1342220534
1342220535
1342220536
1342220616
1342220617
1342220618
1342220648
1342220649
1342220650
1342220651
1342220832
1342220833
1342220878
1342220879
1342220880
1342221464
1342221465
1342221474
1342221475
1342221904
1342221905
1342221921
1342221922
1342222112
1342222113
1342222130
1342222131
1342222625
1342222626
1342222676
1342222677
1342223213
1342223214
1342223215
1342223216
1342223217
1342223218
1342223219
1342223265
1342223266
1342223267
1342223268
1342223269
1342224029
1342224030
1342224032
1342224033
1342224138
1342224139
1342224141
1342224142
1342224959
1342224960
1342224989
1342224990
1342224991
1342226619
1342226620
1342226621
1342226622
1342226623
1342226624
1342226650
1342226651
1342226652
1342226653
1342226654
1342226655
1342226995
1342226996
1342226997
1342228354
1342228450
1342231337
1342231338
1342231339
1342231340
1342231341
1342231342
1342231359
1342231360
1342231361
1342231362
1342231849
1342231850
1342231851
1342231852
1342231854
1342231855
1342231856
1342231857
1342231858
1342231859
1342231860
1342231861
1342232057
1342232058
1342232059
1342232726
1342232727
1342233312
1342233343
1342239047
1342239048
1342239049
1342239050
1342239051
1342239052
1342239263
1342239264
1342239276
1342239277
1342239278
1342239279
1342239280
1342239281
1342240276
1342240278
1342240279
1342240314
1342240316
1342240317
1342244166
1342244167
1342244168
1342244169
1342244170
1342244171
1342244186
1342244187
1342244188
1342244189
1342244190
1342244191
1342244831
1342244832
1342244833
1342244834
1342244835
1342244836
1342244847
1342244848
1342244849
1342244850
1342244851
1342244852
1342244853
1342244854
1342245136
1342245137
1342245138
1342245139
1342245140
1342245141
1342245142
1342245145
1342245146
1342245147
1342245148
1342245149
1342245150
1342245151
1342245908
1342245910
1342245911
1342247288
1342247289
1342249084
1342249085
1342249086
1342249087
1342249088
1342249089
1342249091
1342249095
1342249096
1342249113
1342249114
1342249115
1342249116
1342249229
1342249230
1342249231
1342249232
1342249233
1342249234
1342249240
1342249241
1342249245
1342249246
1342249253
1342249254
1342250232
1342250233
1342250237
1342250238
1342250239
1342250240
1342250241
1342250332
1342250333
1342250340
1342250341
1342250342
1342250343
1342250618
1342250631
1342250632
1342250633
1342250634
1342250646
1342250647
1342250648
1342250649
1342250652
1342250653
1342250765
1342250766
1342250767
1342250768
1342250769
1342250770
1342250790
1342250791
1342250792
1342250793
1342250798
1342250799
1342250800
1342250801
1342251688
1342251689
1342251690
1342251691
1342251692
1342251693
1342251694
1342251695
1342251926
1342251927
1342251928
1342251929
1342251956
1342251957
1342253389
1342253390
1342253391
1342253392
1342253393
1342253394
1342253425
1342253426
1342253427
1342253428
1342253429
1342253430
1342254059
1342254060
1342254061
1342254062
1342254063
1342254064
1342254085
1342254086
1342254087
1342254088
1342254089
1342254090
1342254460
1342254461
1342254462
1342254463
1342254464
1342254465
1342254507
1342254508
1342254509
1342254510
1342254511
1342254512
1342254632
1342254633
1342254634
1342254635
1342254636
1342254637
1342254652
1342254653
1342254654
1342254655
1342254656
1342254657
1342254658
1342254659
1342255002
1342255003
1342255004
1342255005
1342255006
1342255007
1342255009
1342255010
1342255011
1342255037
1342255038
1342255039
1342255040
1342255041
1342255042
1342255060
1342255061
1342255062
1342257382
1342257383
1342257384
1342257385
1342257386
1342257387
1342263817
1342263818
1342263838
1342263839
1342263840
1342263841
1342263842
1342263843
1342263844
1342263845
1342263846
1342263847
1342263852
1342263853
1342266671
1342267715
1342267724
1342267725
1342267726
1342267727
1342267746
1342267754
1342267755
1342267756
1342267757