1342186810
1342186811
1342186812
1342186983
1342186984
1342187019
1342187021
1342187238
1342187780
1342187847
1342188037
1342188038
1342188039
1342188040
1342188423
1342188426
1342188427
1342188428
1342188429
1342188430
1342188431
1342188432
1342188433
1342188434
1342188435
1342188437
1342189271
1342189272
1342189273
1342189280
1342190350
1342190352
1342190354
1342190356
1342190358
1342190360
1342190369
1342190375
1342190383
1342190384
1342190386
1342190686
1342191138
1342191139
1342191140
1342191146
1342191147
1342191149
1342191150
1342191151
1342191153
1342191154
1342191299
1342191304
1342191305
1342191306
1342191307
1342191308
1342191309
1342191310
1342191311
1342191312
1342191313
1342191350
1342191354
1342191356
1342191358
1342191363
1342191364
1342192113
1342192114
1342192115
1342192116
1342192118
1342192119
1342192120
1342192122
1342192124
1342192126
1342192129
1342192130
1342192133
1342192134
1342192149
1342192158
1342192159
1342192160
1342192792
1342192805
1342192975
1342192981
1342192982
1342192985
1342192986
1342192987
1342192988
1342193204
1342193205
1342193207
1342193208
1342193212
1342193214
1342193215
1342193216
1342193217
1342193695
1342193696
1342193697
1342193698
1342195632
1342195633
1342195634
1342196686
1342196687
1342196694
1342196695
1342196699
1342196700
1342196875
1342196876
1342196877
1342197029
1342197030
1342197031
1342197032
1342197033
1342197790
1342197791
1342197792
1342197793
1342197794
1342197795
1342197796
1342197797
1342197798
1342197799
1342197800
1342197802
1342197803
1342197804
1342197805
1342197825
1342197826
1342197827
1342197828
1342197829
1342197830
1342197831
1342197832
1342197833
1342197834
1342197835
1342197836
1342197837
1342197838
1342197881
1342197883
1342197884
1342197885
1342197886
1342197887
1342197888
1342197889
1342197890
1342197891
1342197893
1342197894
1342197895
1342197896
1342197897
1342197898
1342197899
1342197900
1342197901
1342197902
1342197903
1342197904
1342197905
1342197906
1342197907
1342197908
1342197909
1342197910
1342197911
1342197912
1342197913
1342197914
1342198170
1342198171
1342198172
1342198173
1342198174
1342198175
1342198176
1342198177
1342198306
1342199145
1342199146
1342199226
1342199233
1342199234
1342199235
1342199243
1342199290
1342199291
1342199292
1342199293
1342199294
1342199295
1342199296
1342199297
1342199298
1342199412
1342199413
1342199417
1342199418
1342199725
1342199726
1342199727
1342199728
1342199729
1342199730
1342199737
1342199738
1342199739
1342199740
1342199741
1342199742
1342199743
1342199744
1342199883
1342199884
1342200166
1342200167
1342202107
1342202108
1342202109
1342202110
1342202111
1342202112
1342202113
1342202114
1342202115
1342202116
1342202120
1342202121
1342202122
1342202586
1342202587
1342202588
1342203048
1342203049
1342203050
1342203051
1342203052
1342203053
1342203054
1342203055
1342203056
1342203057
1342203058
1342203120
1342203121
1342203122
1342203123
1342203124
1342203125
1342203126
1342203127
1342203128
1342203129
1342203130
1342203131
1342203132
1342203133
1342203134
1342203135
1342203136
1342203137
1342203442
1342203444
1342203451
1342203453
1342203454
1342203455
1342203456
1342203457
1342203458
1342203678
1342203679
1342203680
1342203681
1342204115
1342204116
1342204117
1342204118
1342204119
1342204120
1342204121
1342204122
1342204123
1342204124
1342204125
1342204332
1342204333
1342204334
1342204335
1342204336
1342204337
1342204338
1342204339
1342204340
1342204341
1342204351
1342204352
1342204353
1342204354
1342206346
1342206347
1342206852
1342206853
1342206854
1342206855
1342206856
1342206857
1342206858
1342206859
1342206860
1342206861
1342206862
1342206863
1342206864
1342206865
1342206866
1342206867
1342206868
1342206869
1342206870
1342206871
1342206872
1342206879
1342206880
1342206887
1342206888
1342206975
1342206976
1342206977
1342206978
1342206979
1342206980
1342206981
1342206982
1342206983
1342206984
1342206985
1342206986
1342206987
1342206988
1342206989
1342206990
1342206991
1342206992
1342206993
1342207774
1342207775
1342207776
1342207777
1342207780
1342207781
1342207782
1342207787
1342207788
1342207789
1342207790
1342207801
1342207802
1342207803
1342207804
1342207805
1342207806
1342207807
1342207808
1342207809
1342207810
1342207818
1342207819
1342207820
1342207823
1342207824
1342207825
1342207826
1342208867
1342208868
1342208869
1342208870
1342208871
1342208872
1342208873
1342208874
1342208875
1342208880
1342208881
1342208882
1342208883
1342208884
1342208885
1342208886
1342208887
1342208888
1342208889
1342208890
1342208891
1342208892
1342208893
1342208894
1342208895
1342208896
1342208908
1342208909
1342208911
1342208912
1342208914
1342208915
1342208916
1342208917
1342208920
1342208931
1342208932
1342208933
1342208934
1342208935
1342208936
1342208938
1342208939
1342208940
1342208948
1342208949
1342208950
1342208951
1342208952
1342208953
1342208954
1342208955
1342208956
1342209012
1342209013
1342209392
1342209393
1342209394
1342209400
1342209401
1342209402
1342209403
1342209404
1342209405
1342209406
1342209731
1342209732
1342209733
1342209734
1342209735
1342209736
1342209738
1342209739
1342209740
1342210381
1342210385
1342210386
1342210393
1342210394
1342210395
1342210396
1342210397
1342210398
1342210652
1342210653
1342210654
1342210813
1342210814
1342210815
1342210816
1342210831
1342210832
1342210833
1342211161
1342211162
1342211163
1342211164
1342211165
1342211166
1342211167
1342211168
1342211169
1342211170
1342211173
1342211174
1342211177
1342211178
1342211184
1342211198
1342211199
1342211200
1342211544
1342211545
1342211677
1342211678
1342211679
1342211680
1342211681
1342211682
1342211683
1342211684
1342211685
1342211686
1342211695
1342211696
1342211699
1342211700
1342211701
1342211702
1342211703
1342211704
1342211705
1342211706
1342211707
1342211708
1342211709
1342211710
1342211820
1342211821
1342211822
1342211823
1342211824
1342211825
1342211826
1342211845
1342212209
1342212210
1342212211
1342212212
1342212213
1342212214
1342212215
1342212216
1342212217
1342212218
1342212219
1342212221
1342212222
1342212223
1342212224
1342212226
1342212229
1342212230
1342212231
1342212233
1342212243
1342212244
1342212245
1342212246
1342212247
1342212248
1342212249
1342212250
1342212251
1342212252
1342212253
1342212254
1342212255
1342212256
1342212257
1342212258
1342212259
1342212260
1342212261
1342212264
1342212265
1342212266
1342212512
1342212513
1342212514
1342212515
1342212516
1342212517
1342212531
1342212541
1342212542
1342212576
1342212577
1342212597
1342212604
1342212605
1342212606
1342212607
1342212608
1342212609
1342212783
1342212784
1342212785
1342212786
1342212787
1342213131
1342213137
1342213138
1342213144
1342213145
1342213286
1342213287
1342213308
1342213310
1342213311
1342213312
1342213313
1342213314
1342213315
1342213677
1342213683
1342213748
1342213749
1342213750
1342213751
1342213752
1342213753
1342213754
1342213755
1342213756
1342213759
1342213761
1342213762
1342213913
1342213916
1342213917
1342213918
1342213919
1342213920
1342213921
1342213922
1342214225
1342214358
1342214620
1342214621
1342214622
1342214623
1342214624
1342214628
1342214629
1342214630
1342214633
1342214634
1342214675
1342214676
1342214677
1342214682
1342214683
1342214685
1342214686
1342214688
1342214689
1342214887
1342214888
1342215635
1342215636
1342215638
1342215641
1342215642
1342215650
1342215651
1342215652
1342215653
1342215654
1342215655
1342215656
1342215657
1342215658
1342215659
1342215660
1342215661
1342215662
1342215663
1342215664
1342215665
1342215666
1342215667
1342215668
1342215676
1342215678
1342215679
1342215680
1342215682
1342215683
1342215684
1342215685
1342215686
1342215687
1342215688
1342215689
1342215690
1342215691
1342215692
1342215693
1342215694
1342215695
1342215696
1342215697
1342215698
1342215737
1342215738
1342216084
1342216085
1342216161
1342216162
1342216166
1342216167
1342216171
1342216172
1342216174
1342216175
1342216176
1342216177
1342216178
1342216181
1342216182
1342216183
1342216189
1342216192
1342216195
1342216198
1342216199
1342216200
1342216201
1342216202
1342216207
1342216210
1342216211
1342216212
1342216213
1342216214
1342216215
1342216216
1342216219
1342216222
1342216342
1342216371
1342216617
1342216618
1342216622
1342216623
1342216624
1342216626
1342216627
1342216628
1342216629
1342216630
1342216644
1342216647
1342216648
1342216650
1342216652
1342216654
1342216655
1342217652
1342217653
1342217654
1342217655
1342217656
1342217657
1342217658
1342217702
1342217703
1342217789
1342217790
1342217791
1342217792
1342217793
1342217794
1342217795
1342217796
1342217797
1342217798
1342217799
1342217800
1342217801
1342217802
1342217803
1342217804
1342217805
1342217815
1342217816
1342217817
1342217818
1342217819
1342217820
1342217822
1342217826
1342217827
1342217828
1342217829
1342217830
1342217839
1342217842
1342217843
1342217845
1342217846
1342217847
1342217848
1342217850
1342217851
1342217852
1342217853
1342217854
1342217855
1342217856
1342217908
1342217910
1342217911
1342217912
1342217913
1342217914
1342217915
1342217916
1342217917
1342217918
1342217919
1342217920
1342217921
1342217922
1342217923
1342217924
1342217925
1342217926
1342217927
1342217928
1342217929
1342217930
1342217931
1342217932
1342217933
1342217934
1342217935
1342217936
1342217937
1342217938
1342217939
1342217940
1342217941
1342217942
1342217944
1342217945
1342218036
1342218037
1342218038
1342218039
1342218040
1342218185
1342218186
1342218187
1342218488
1342218489
1342218490
1342218567
1342218568
1342218569
1342218570
1342218571
1342218572
1342218619
1342218620
1342218752
1342218753
1342218754
1342218755
1342218756
1342218757
1342219435
1342219438
1342219441
1342219442
1342219443
1342219444
1342219445
1342219852
1342220141
1342220317
1342220318
1342220319
1342220320
1342220321
1342220595
1342220596
1342220597
1342220600
1342220601
1342220607
1342220740
1342220741
1342220926
1342220927
1342220928
1342220929
1342220930
1342220931
1342220932
1342221357
1342221358
1342221363
1342221379
1342221380
1342221390
1342221391
1342221611
1342221612
1342221613
1342221614
1342221615
1342221616
1342221617
1342221618
1342221619
1342221620
1342221621
1342221622
1342221623
1342221624
1342221625
1342221626
1342221627
1342221628
1342221629
1342221631
1342221882
1342221883
1342221889
1342221983
1342222185
1342222186
1342222226
1342222230
1342222240
1342222241
1342222256
1342222574
1342222575
1342223116
1342223147
1342223148
1342223149
1342223150
1342223151
1342223152
1342223153
1342223154
1342223155
1342223161
1342223162
1342223201
1342223202
1342223353
1342223354
1342223355
1342223356
1342223357
1342223358
1342223359
1342223360
1342223362
1342223367
1342223369
1342223370
1342223375
1342223711
1342223712
1342223713
1342223715
1342223753
1342223754
1342223755
1342223756
1342223759
1342223760
1342223770
1342223771
1342223790
1342223801
1342223808
1342223820
1342223990
1342223991
1342223992
1342223993
1342223994
1342223995
1342223996
1342223997
1342223998
1342223999
1342224000
1342224001
1342224002
1342224003
1342224004
1342224005
1342224006
1342224008
1342224009
1342224010
1342224011
1342224012
1342224013
1342224014
1342224240
1342224241
1342224242
1342224243
1342224244
1342224859
1342224860
1342225137
1342225138
1342225139
1342225140
1342225141
1342225142
1342225143
1342225144
1342225145
1342225146
1342225147
1342225148
1342225168
1342225560
1342225563
1342225564
1342225565
1342225569
1342225570
1342225571
1342225572
1342225588
1342225589
1342225714
1342225715
1342225716
1342225717
1342225718
1342225719
1342225721
1342225722
1342225723
1342225724
1342225730
1342225731
1342225737
1342225738
1342225739
1342225743
1342225744
1342225745
1342225747
1342225748
1342225750
1342225751
1342225752
1342225759
1342225761
1342225762
1342225788
1342225789
1342225790
1342225791
1342225792
1342225793
1342225794
1342225797
1342225799
1342225802
1342225803
1342225804
1342225807
1342225812
1342225813
1342225814
1342225815
1342225816
1342225817
1342225818
1342225819
1342225820
1342225821
1342225822
1342225823
1342225824
1342225827
1342225829
1342225838
1342225839
1342225840
1342225841
1342225842
1342225850
1342225855
1342225856
1342225857
1342225986
1342225987
1342225988
1342225989
1342225990
1342225996
1342225997
1342226000
1342226001
1342226003
1342226004
1342226187
1342226188
1342226189
1342226190
1342226191
1342226193
1342226196
1342226197
1342226198
1342226199
1342226200
1342226201
1342226202
1342226203
1342226204
1342226205
1342226206
1342226207
1342226208
1342226209
1342226210
1342226211
1342226212
1342226213
1342226748
1342226749
1342226753
1342226754
1342226755
1342226756
1342226757
1342226758
1342226873
1342226874
1342226876
1342226877
1342226878
1342226879
1342226880
1342226881
1342226882
1342226883
1342226884
1342226885
1342226886
1342226887
1342226888
1342226889
1342226890
1342226891
1342226892
1342226893
1342226901
1342227068
1342227069
1342227070
1342227209
1342227210
1342227214
1342227215
1342227216
1342227334
1342227335
1342227336
1342227337
1342227338
1342227339
1342227340
1342227341
1342227342
1342227343
1342227344
1342227345
1342227347
1342227466
1342227610
1342227611
1342227612
1342227613
1342227614
1342227615
1342227616
1342227617
1342227618
1342227619
1342227620
1342227628
1342227629
1342227630
1342227631
1342227632
1342227633
1342227636
1342227637
1342227639
1342227753
1342227754
1342227755
1342227756
1342227757
1342227758
1342227759
1342227760
1342227761
1342227762
1342227763
1342227764
1342227765
1342227766
1342227767
1342227768
1342227769
1342227770
1342227771
1342227772
1342227774
1342227775
1342227800
1342228187
1342228188
1342228191
1342228192
1342228193
1342228194
1342228195
1342228196
1342228197
1342228198
1342228199
1342228200
1342228201
1342228202
1342228203
1342228204
1342228205
1342228206
1342228207
1342228208
1342228209
1342228210
1342228234
1342228235
1342228236
1342228237
1342228238
1342228239
1342228240
1342228241
1342228242
1342228243
1342228247
1342228248
1342228414
1342228415
1342228416
1342228454
1342228455
1342228456
1342228457
1342228461
1342228462
1342228463
1342228464
1342228465
1342228466
1342228472
1342228473
1342228474
1342228475
1342228515
1342228519
1342228520
1342228525
1342228527
1342228528
1342228529
1342228530
1342228531
1342228532
1342228535
1342228536
1342228537
1342228538
1342229089
1342229090
1342229091
1342229092
1342229093
1342229684
1342229685
1342229686
1342229687
1342229689
1342229690
1342229691
1342229692
1342229693
1342229694
1342229696
1342229697
1342229701
1342229702
1342229703
1342229704
1342229705
1342229706
1342229707
1342229708
1342229709
1342229711
1342229714
1342229715
1342229716
1342229717
1342229718
1342229719
1342229720
1342229733
1342229734
1342229737
1342229738
1342229740
1342229741
1342229742
1342229792
1342229794
1342229795
1342229797
1342229798
1342229802
1342229805
1342229806
1342229807
1342229808
1342229809
1342229810
1342229811
1342229812
1342229813
1342229816
1342229821
1342229822
1342229823
1342230076
1342230077
1342230078
1342230079
1342230080
1342230127
1342230132
1342230133
1342230134
1342230135
1342230139
1342230140
1342230141
1342230142
1342230143
1342230144
1342230145
1342230146
1342230150
1342230151
1342230891
1342230892
1342230895
1342230896
1342230897
1342230898
1342230899
1342230900
1342230901
1342230902
1342230903
1342230904
1342230905
1342230906
1342230907
1342230908
1342230909
1342230935
1342230936
1342230940
1342230941
1342230942
1342230943
1342230944
1342230945
1342230946
1342230947
1342230951
1342230952
1342230953
1342230954
1342230956
1342230957
1342230958
1342230959
1342230960
1342230961
1342230962
1342230963
1342230964
1342230965
1342230966
1342230967
1342230995
1342230997
1342230998
1342230999
1342231000
1342231001
1342231002
1342231003
1342231004
1342231008
1342231009
1342231272
1342231273
1342231274
1342231275
1342231276
1342231277
1342231287
1342231288
1342231291
1342231292
1342231293
1342231294
1342231295
1342231296
1342231297
1342231298
1342231299
1342231300
1342231302
1342231303
1342231304
1342231305
1342231306
1342231310
1342231313
1342231315
1342231318
1342231319
1342231320
1342231321
1342231322
1342231323
1342231413
1342231414
1342231415
1342231416
1342231417
1342231418
1342231419
1342231420
1342231421
1342231422
1342231426
1342231428
1342231697
1342231698
1342231699
1342231700
1342231701
1342231702
1342231703
1342231704
1342231705
1342231707
1342231708
1342231709
1342231710
1342231714
1342231716
1342231717
1342231719
1342231720
1342231721
1342231722
1342231723
1342231724
1342231725
1342231726
1342231729
1342231730
1342231731
1342231732
1342231735
1342231736
1342231738
1342231739
1342231740
1342231741
1342231742
1342231743
1342231744
1342231745
1342231746
1342231747
1342231748
1342231750
1342231751
1342231753
1342231754
1342231755
1342231756
1342231757
1342231758
1342231954
1342231955
1342231956
1342231957
1342231959
1342231960
1342232254
1342232255
1342232256
1342232257
1342232258
1342232268
1342232270
1342232273
1342232274
1342232275
1342232276
1342232278
1342232279
1342232285
1342232286
1342232287
1342232288
1342232289
1342232290
1342232291
1342232292
1342232293
1342232298
1342232299
1342232300
1342232301
1342232302
1342232303
1342232314
1342232315
1342232316
1342232330
1342232531
1342232532
1342232533
1342232534
1342232535
1342232536
1342232537
1342232538
1342232539
1342232540
1342232541
1342232542
1342232543
1342232544
1342232545
1342232546
1342232547
1342232564
1342232565
1342232566
1342232567
1342232570
1342232571
1342232575
1342232576
1342232577
1342232578
1342232579
1342232580
1342232581
1342232582
1342232584
1342232586
1342232593
1342232595
1342232596
1342232597
1342232598
1342232599
1342232602
1342232603
1342232604
1342232605
1342232606
1342232607
1342232608
1342232610
1342232611
1342232612
1342232613
1342233261
1342233263
1342233264
1342233265
1342233266
1342233267
1342233268
1342233269
1342233445
1342233446
1342233447
1342233469
1342233470
1342233471
1342233472
1342233473
1342233479
1342233482
1342233696
1342233697
1342233698
1342233699
1342233700
1342233701
1342233703
1342233704
1342233710
1342233712
1342233713
1342233716
1342233717
1342233724
1342233725
1342233726
1342233727
1342233842
1342233843
1342234051
1342234053
1342234056
1342234057
1342234058
1342234061
1342234064
1342234259
1342234260
1342234261
1342234262
1342234263
1342234264
1342234265
1342234268
1342234269
1342234475
1342234476
1342234477
1342234478
1342234479
1342234480
1342234481
1342234482
1342234483
1342234484
1342234485
1342234486
1342234487
1342234488
1342234489
1342234490
1342234491
1342234937
1342234938
1342234939
1342234940
1342234941
1342234942
1342234943
1342234944
1342234945
1342234946
1342234947
1342234950
1342234951
1342234952
1342234953
1342234954
1342234955
1342234956
1342234957
1342234958
1342234959
1342234960
1342234961
1342234962
1342234963
1342234964
1342234965
1342234986
1342234987
1342234988
1342234990
1342234991
1342234993
1342234994
1342234996
1342234997
1342234999
1342235637
1342235638
1342235639
1342235640
1342235641
1342235642
1342235643
1342235644
1342235645
1342235646
1342235647
1342235648
1342235649
1342235650
1342235651
1342235652
1342235653
1342235654
1342235655
1342235657
1342235658
1342235659
1342235672
1342235674
1342235677
1342235678
1342235679
1342235680
1342235685
1342235690
1342235691
1342235696
1342235697
1342235701
1342235702
1342235703
1342235706
1342235707
1342235709
1342235751
1342235752
1342235840
1342235841
1342235842
1342235843
1342235845
1342235848
1342235849
1342235850
1342235851
1342235852
1342235853
1342235854
1342235855
1342235856
1342236270
1342236283
1342236284
1342236288
1342236289
1342236875
1342236877
1342236878
1342236879
1342236880
1342236881
1342236882
1342236885
1342236886
1342236973
1342236974
1342236975
1342236976
1342236977
1342236978
1342236979
1342236980
1342236981
1342236982
1342236983
1342236986
1342236987
1342237476
1342237480
1342237481
1342237482
1342237483
1342237487
1342237488
1342237489
1342237490
1342237569
1342237570
1342237571
1342237572
1342237575
1342237576
1342237577
1342237578
1342237579
1342237580
1342237581
1342237583
1342237590
1342237591
1342237592
1342237593
1342237594
1342237595
1342237596
1342237599
1342237601
1342237602
1342237603
1342237604
1342237605
1342238129
1342238130
1342238131
1342238132
1342238135
1342238136
1342238137
1342238138
1342238142
1342238143
1342238144
1342238145
1342238146
1342238148
1342238153
1342238154
1342238160
1342238163
1342238164
1342238165
1342238166
1342238169
1342238170
1342238171
1342238350
1342238351
1342238352
1342238353
1342238354
1342238355
1342238356
1342238357
1342238358
1342238359
1342238360
1342238361
1342238362
1342238363
1342238371
1342238372
1342238373
1342238374
1342238375
1342238380
1342238381
1342238384
1342238388
1342238389
1342238392
1342238393
1342238412
1342238414
1342238415
1342238416
1342238420
1342238421
1342238422
1342238423
1342238424
1342238425
1342238426
1342238514
1342238556
1342238557
1342238558
1342238559
1342238560
1342238602
1342238603
1342238637
1342238638
1342238722
1342238723
1342238724
1342238725
1342238727
1342238728
1342238729
1342238730
1342238731
1342238732
1342238902
1342238903
1342238904
1342238905
1342238906
1342238907
1342238908
1342238919
1342238920
1342238921
1342238922
1342238923
1342238924
1342238925
1342238926
1342238927
1342238928
1342238929
1342238930
1342238931
1342238932
1342238933
1342238934
1342238935
1342238936
1342238937
1342238938
1342238939
1342238941
1342238942
1342238946
1342238947
1342238949
1342238950
1342238951
1342238952
1342238953
1342238954
1342238955
1342238956
1342238957
1342238958
1342238959
1342238960
1342238961
1342238962
1342238963
1342238965
1342238966
1342238967
1342238968
1342238969
1342239369
1342239371
1342239372
1342239373
1342239374
1342239375
1342239381
1342239382
1342239383
1342239384
1342239385
1342239386
1342239387
1342239388
1342239472
1342239473
1342239474
1342239475
1342239476
1342239477
1342239478
1342239479
1342239480
1342239481
1342239487
1342239488
1342239489
1342239490
1342239491
1342239494
1342239498
1342239505
1342239506
1342239507
1342239508
1342239687
1342239688
1342239689
1342239690
1342239691
1342239692
1342239693
1342239694
1342239695
1342239696
1342239697
1342239698
1342239699
1342239700
1342239701
1342239702
1342239703
1342239704
1342239705
1342239710
1342239711
1342239713
1342239714
1342239715
1342239716
1342239717
1342239720
1342239721
1342239722
1342239723
1342239724
1342239725
1342239726
1342239727
1342239728
1342239729
1342239730
1342239731
1342239732
1342239734
1342239737
1342239738
1342239739
1342239740
1342239741
1342239742
1342239743
1342239745
1342239746
1342239747
1342239748
1342239749
1342239750
1342239751
1342239753
1342239756
1342239757
1342239763
1342239764
1342239765
1342239766
1342240148
1342240149
1342240150
1342240151
1342240152
1342240153
1342240154
1342240155
1342240156
1342240157
1342240158
1342240159
1342240163
1342240164
1342240165
1342240166
1342240167
1342240763
1342240764
1342240765
1342240766
1342240767
1342240768
1342240769
1342240770
1342240774
1342240775
1342240776
1342240778
1342241265
1342241266
1342241267
1342241268
1342241269
1342241270
1342241478
1342241482
1342241483
1342241484
1342241485
1342241486
1342241487
1342241488
1342241489
1342241495
1342241706
1342241708
1342241844
1342241845
1342241846
1342241847
1342241848
1342241849
1342241850
1342242435
1342242436
1342242438
1342242440
1342242441
1342242442
1342242443
1342242444
1342242445
1342242446
1342242447
1342242448
1342242449
1342242450
1342242451
1342242452
1342242453
1342242454
1342242455
1342242480
1342242631
1342242632
1342242633
1342242634
1342242806
1342242807
1342242808
1342243105
1342243106
1342243107
1342243108
1342243109
1342243110
1342243501
1342243502
1342243503
1342243504
1342243505
1342243506
1342243507
1342243508
1342243510
1342243511
1342243513
1342243514
1342243515
1342243516
1342243517
1342243518
1342243519
1342243520
1342243521
1342243522
1342243523
1342243524
1342243525
1342243527
1342243528
1342243529
1342243530
1342243531
1342243532
1342243540
1342243541
1342243542
1342243543
1342243544
1342243545
1342243547
1342243548
1342243549
1342243651
1342243652
1342243653
1342243654
1342243655
1342243656
1342243657
1342243658
1342243659
1342243660
1342243661
1342243662
1342243663
1342243691
1342243692
1342243693
1342243855
1342243856
1342243857
1342243858
1342243859
1342243860
1342243861
1342243862
1342243869
1342243870
1342243889
1342243893
1342243894
1342243895
1342243896
1342243897
1342243900
1342243901
1342244023
1342244024
1342244025
1342244064
1342244423
1342244424
1342244425
1342244426
1342244427
1342244428
1342244429
1342244430
1342244431
1342244432
1342244433
1342244434
1342244435
1342244436
1342244437
1342244438
1342244440
1342244443
1342244444
1342244446
1342244447
1342244454
1342244458
1342244459
1342244460
1342244461
1342244462
1342244463
1342244464
1342244465
1342244466
1342244467
1342244468
1342244469
1342244910
1342244911
1342244912
1342244913
1342244914
1342244915
1342244916
1342244918
1342244919
1342244920
1342244921
1342245219
1342245220
1342245221
1342245222
1342245223
1342245224
1342245225
1342245226
1342245229
1342245230
1342245232
1342245240
1342245241
1342245242
1342245243
1342245244
1342245245
1342245248
1342245249
1342245250
1342245251
1342245393
1342245395
1342245401
1342245402
1342245403
1342245404
1342245405
1342245454
1342245455
1342245456
1342245457
1342245458
1342245645
1342245646
1342245647
1342245648
1342245651
1342245794
1342245795
1342245796
1342245797
1342245798
1342245799
1342245800
1342245801
1342245802
1342245803
1342245804
1342245805
1342245806
1342245807
1342245808
1342245809
1342245810
1342245813
1342245950
1342245951
1342245952
1342245953
1342245954
1342245955
1342245956
1342245957
1342245961
1342245962
1342245963
1342245966
1342245974
1342245976
1342245977
1342245978
1342245979
1342245980
1342245985
1342245986
1342245987
1342246238
1342246239
1342246246
1342246381
1342246389
1342246390
1342246552
1342246557
1342246558
1342246638
1342246642
1342246643
1342246644
1342246645
1342246646
1342246647
1342246648
1342246649
1342246650
1342246651
1342246652
1342246653
1342246654
1342246655
1342246656
1342246657
1342246658
1342246659
1342246779
1342246780
1342246781
1342246782
1342246783
1342246784
1342246785
1342246786
1342246787
1342246788
1342246789
1342246790
1342246791
1342246792
1342246793
1342246794
1342246795
1342246800
1342246801
1342246961
1342246962
1342247002
1342247005
1342247006
1342247007
1342247008
1342247011
1342247014
1342247133
1342247150
1342247156
1342247441
1342247442
1342247443
1342247444
1342247445
1342247446
1342247447
1342247448
1342247449
1342247450
1342247454
1342247456
1342247457
1342247458
1342247459
1342247460
1342247461
1342247462
1342247463
1342247464
1342247465
1342247511
1342247512
1342247532
1342247533
1342247534
1342247535
1342247537
1342247546
1342247550
1342247710
1342247711
1342247712
1342247713
1342247714
1342247715
1342247716
1342247717
1342247722
1342247726
1342247732
1342247734
1342247777
1342247780
1342247785
1342247789
1342247790
1342247791
1342247792
1342247793
1342247810
1342247811
1342247812
1342247813
1342247816
1342247822
1342247825
1342248297
1342248298
1342248301
1342248302
1342248308
1342248309
1342248310
1342248346
1342248347
1342248348
1342248349
1342248351
1342248354
1342248356
1342248357
1342248358
1342248365
1342248366
1342248367
1342248368
1342248369
1342248372
1342248506
1342248508
1342248509
1342248535
1342248537
1342248539
1342248541
1342248542
1342248543
1342248549
1342248550
1342248551
1342248552
1342248553
1342248554
1342248555
1342248556
1342248557
1342248558
1342248560
1342248563
1342248672
1342248673
1342248674
1342248675
1342248676
1342248677
1342248741
1342248880
1342248881
1342248928
1342248929
1342248930
1342248931
1342249198
1342249199
1342249200
1342249201
1342249202
1342249203
1342249204
1342249209
1342249210
1342249211
1342249304
1342249305
1342249306
1342249307
1342249308
1342249309
1342249310
1342249315
1342249317
1342249318
1342249388
1342249389
1342249497
1342249498
1342249503
1342249509
1342249511
1342249996
1342249997
1342249998
1342250004
1342250006
1342250007
1342250122
1342250126
1342250130
1342250303
1342250304
1342250305
1342250306
1342250307
1342250308
1342250309
1342250310
1342250311
1342250312
1342250313
1342250314
1342250565
1342250566
1342250567
1342250568
1342250569
1342250572
1342250577
1342250579
1342250580
1342250581
1342250582
1342250583
1342250584
1342250883
1342250884
1342250885
1342250886
1342250887
1342250888
1342250889
1342250890
1342250891
1342250896
1342250902
1342250907
1342250908
1342250909
1342250910
1342250911
1342250912
1342250917
1342250957
1342250984
1342250986
1342250990
1342250991
1342251004
1342251033
1342251034
1342251035
1342251095
1342251096
1342251173
1342251174
1342251175
1342251350
1342251351
1342251352
1342251353
1342251355
1342251356
1342251357
1342251358
1342251359
1342251360
1342251361
1342251362
1342251368
1342251369
1342251370
1342251371
1342251372
1342251373
1342251374
1342251375
1342251376
1342251377
1342251378
1342251379
1342251380
1342251381
1342251382
1342251558
1342251594
1342251597
1342252066
1342252067
1342252068
1342252069
1342252070
1342252071
1342252072
1342252073
1342252074
1342252075
1342252076
1342252077
1342252078
1342252079
1342252080
1342252081
1342252082
1342252083
1342252084
1342252085
1342252086
1342252088
1342252089
1342252157
1342252251
1342252252
1342252253
1342252262
1342252263
1342252264
1342252265
1342252266
1342252267
1342252268
1342252269
1342252270
1342252275
1342252276
1342252277
1342252278
1342252279
1342252280
1342252326
1342252327
1342252328
1342252329
1342252330
1342252331
1342252332
1342252333
1342252334
1342252335
1342252336
1342252337
1342252338
1342252339
1342252340
1342252341
1342252342
1342252343
1342252344
1342252345
1342252346
1342252347
1342252348
1342252349
1342252350
1342252351
1342252352
1342252353
1342252354
1342252355
1342252357
1342252358
1342253357
1342253361
1342253363
1342253530
1342253531
1342253532
1342253533
1342253534
1342253535
1342253536
1342253537
1342253538
1342253539
1342253540
1342253541
1342253600
1342253721
1342253731
1342253732
1342253733
1342253734
1342253735
1342253736
1342253740
1342253741
1342253742
1342253743
1342253744
1342253745
1342253746
1342253747
1342253748
1342253749
1342253750
1342253754
1342253759
1342253764
1342253766
1342253770
1342253772
1342253775
1342253776
1342254215
1342254239
1342254240
1342254241
1342254242
1342254243
1342254245
1342254246
1342254247
1342254248
1342254249
1342254250
1342254251
1342254252
1342254278
1342254282
1342254283
1342254295
1342254296
1342254305
1342254613
1342254614
1342254615
1342254622
1342254762
1342254763
1342254764
1342254765
1342254766
1342254772
1342254928
1342254929
1342254930
1342254933
1342254935
1342254936
1342254943
1342254946
1342254949
1342254950
1342254951
1342254953
1342254954
1342254955
1342254956
1342254957
1342254958
1342254959
1342254960
1342254962
1342255716
1342255717
1342255718
1342255719
1342255720
1342255721
1342255722
1342255723
1342255724
1342255725
1342255726
1342255727
1342255728
1342255729
1342255730
1342255731
1342255732
1342255740
1342255741
1342256241
1342256242
1342256243
1342256244
1342256245
1342256251
1342256260
1342256261
1342256262
1342256482
1342256770
1342256774
1342256775
1342256777
1342256778
1342256779
1342256780
1342256781
1342256782
1342256785
1342256925
1342256926
1342256932
1342256933
1342256936
1342256937
1342256941
1342256943
1342256944
1342256945
1342256947
1342256949
1342256950
1342257200
1342257201
1342257202
1342257203
1342257204
1342257205
1342257206
1342257207
1342257208
1342257209
1342257210
1342257211
1342257212
1342257213
1342257214
1342257215
1342257216
1342257217
1342257218
1342257219
1342257221
1342257242
1342257243
1342257244
1342257245
1342257246
1342257247
1342257248
1342257249
1342257250
1342257251
1342257252
1342257253
1342257273
1342257276
1342257277
1342257278
1342257279
1342257280
1342257281
1342257282
1342257283
1342257284
1342257285
1342257286
1342257287
1342257288
1342257289
1342257290
1342257291
1342257292
1342257293
1342257294
1342257629
1342257630
1342257631
1342257632
1342257634
1342257635
1342257636
1342257679
1342257680
1342257681
1342257685
1342257687
1342257688
1342257689
1342257690
1342257691
1342257692
1342257693
1342257694
1342257695
1342257797
1342257798
1342258093
1342258094
1342258095
1342258096
1342258097
1342258098
1342258099
1342258100
1342258101
1342258102
1342258843
1342258844
1342258845
1342258846
1342258847
1342258848
1342258849
1342258850
1342258852
1342258853
1342258854
1342259561
1342259562
1342259603
1342259604
1342259605
1342259606
1342259612
1342259613
1342259614
1342259615
1342259616
1342259617
1342259620
1342259622
1342259623
1342259624
1342261466
1342261467
1342261468
1342261469
1342261470
1342261471
1342261472
1342261473
1342261999
1342262000
1342262001
1342262002
1342262003
1342262006
1342262012
1342262013
1342262014
1342262015
1342262016
1342262017
1342262021
1342262023
1342262024
1342262025
1342262027
1342262029
1342262030
1342262033
1342262034
1342262036
1342262037
1342262038
1342262039
1342262040
1342262041
1342262042
1342262049
1342262050
1342262524
1342262525
1342262526
1342262527
1342262528
1342262529
1342262530
1342262531
1342262532
1342262541
1342262542
1342262548
1342262659
1342262660
1342262769
1342262940
1342262950
1342262951
1342262952
1342262953
1342262954
1342262955
1342262956
1342262957
1342262963
1342262964
1342262965
1342262966
1342262972
1342262973
1342262974
1342262975
1342262986
1342262987
1342262988
1342262989
1342262990
1342262991
1342262992
1342262993
1342262994
1342262995
1342262996
1342262997
1342262998
1342262999
1342263452
1342263453
1342263454
1342263455
1342263456
1342263457
1342263458
1342263461
1342263471
1342263472
1342263473
1342263474
1342263478
1342263479
1342263480
1342263481
1342263482
1342263483
1342263484
1342263485
1342263495
1342263503
1342263504
1342263505
1342263929
1342263930
1342263931
1342263932
1342263933
1342263936
1342263937
1342263938
1342263939
1342263940
1342263941
1342263942
1342263943
1342263944
1342264182
1342264183
1342264184
1342264195
1342264196
1342264197
1342264198
1342264199
1342264229
1342264230
1342264231
1342264232
1342264235
1342264236
1342264253
1342264254
1342265444
1342265678
1342265679
1342265709
1342265729
1342265942
1342265943
1342265944
1342265945
1342265946
1342265947
1342265948
1342265949
1342266965
1342266966
1342266967
1342267180
1342267181
1342267620
1342267621
1342267622
1342267835
1342267836
1342267837
1342267838
1342267847
1342267849
1342267850
1342267854
1342267862
1342267863
1342267864
1342267867
1342267868
1342267872
1342267873
1342267942
1342268108
1342268181
1342268449
1342268569
1342268570
1342268636
1342268637
1342268638
1342268642
1342268643
1342268729
1342268730
1342268748
1342268751
1342268752
1342268778
1342268783
1342268784
1342268788
1342268789
1342268790
1342268791
1342268792
1342268793
1342268794
1342268797
1342268798
1342268805
1342269283
1342269284
1342269285
1342269286
1342269287
1342269288
1342269289
1342269290
1342269291
1342269292
1342269293
1342269294
1342269295
1342269296
1342269297
1342269298
1342269299
1342269302
1342269304
1342269305
1342269308
1342269351
1342269352
1342269355
1342269414
1342269439
1342269440
1342269444
1342269445
1342269446
1342269447
1342269451
1342269458
1342269463
1342269472
1342269516
1342269517
1342269518
1342269519
1342269520
1342269521
1342269522
1342269523
1342269527
1342269528
1342269529
1342269530
1342269531
1342269532
1342269533
1342269534
1342269537
1342269538
1342269539
1342269540
1342269541
1342269542
1342269543
1342269544
1342269545
1342269546
1342269547
1342269548
1342269549
1342269550
1342269856
1342269857
1342269860
1342269861
1342269862
1342269863
1342269864
1342269865
1342269866
1342269867
1342269868
1342269869
1342269871
1342269872
1342269873
1342269874
1342269875
1342269876
1342269877
1342269910
1342269911
1342269912
1342269913
1342269914
1342269915
1342269916
1342269917
1342269918
1342269919
1342269920
1342269932
1342269933
1342269936
1342270010
1342270020
1342270344
1342270345
1342270346
1342270347
1342270348
1342270612
1342270639
1342270640
1342270662
1342270673
1342270684
1342270685
1342270687
1342270688
1342270689
1342270690
1342270691
1342270764
1342270765
1342270766
1342270768
1342270769
1342270770
1342270771
1342270772
1342270773
1342271040
1342271041
1342271042
1342271049
1342271050
1342271051
1342271052
1342271053
1342271054
1342271055
1342271056
1342271057
1342271192
1342271193