1342181975
1342181976
1342181977
1342181978
1342181982
1342182002
1342182003
1342182004
1342182005
1342182006
1342182007
1342182008
1342182009
1342182010
1342182011
1342186305
1342186306
1342186307
1342186308
1342186310
1342186311
1342186314
1342186315
1342186316
1342186317
1342186318
1342186319
1342186320
1342186321
1342186322
1342186333
1342186337
1342186571
1342186650
1342186651
1342186652
1342186796
1342186797
1342186798
1342186799
1342186802
1342186970
1342186971
1342187020
1342187124
1342187125
1342187126
1342187127
1342187201
1342187202
1342187205
1342187206
1342187207
1342187229
1342187230
1342187231
1342187232
1342187233
1342187234
1342187235
1342187779
1342187781
1342187782
1342187783
1342187843
1342187844
1342187845
1342187846
1342188033
1342188034
1342188035
1342188036
1342188041
1342188424
1342188425
1342188436
1342188438
1342188524
1342188525
1342188526
1342188700
1342188701
1342188702
1342188703
1342188704
1342188936
1342188937
1342188938
1342188939
1342188940
1342188941
1342188942
1342188943
1342188944
1342188948
1342189062
1342189063
1342189064
1342189065
1342189066
1342189067
1342189068
1342189069
1342189070
1342189071
1342189072
1342189073
1342189074
1342189277
1342189278
1342189279
1342189409
1342189410
1342189411
1342189412
1342189413
1342189414
1342189415
1342189416
1342189417
1342189608
1342189609
1342189610
1342189611
1342189612
1342189613
1342189962
1342190351
1342190353
1342190355
1342190357
1342190359
1342190361
1342190367
1342190368
1342190370
1342190371
1342190372
1342190373
1342190374
1342190376
1342190377
1342190378
1342190379
1342190380
1342190381
1342190382
1342190385
1342190387
1342190687
1342190688
1342190689
1342190690
1342190691
1342190692
1342190693
1342190694
1342190695
1342190696
1342190697
1342190698
1342190699
1342190700
1342190701
1342190702
1342190703
1342190704
1342190705
1342190706
1342190707
1342190708
1342190709
1342190710
1342190711
1342191144
1342191145
1342191148
1342191152
1342191294
1342191295
1342191296
1342191297
1342191298
1342191300
1342191301
1342191302
1342191303
1342191314
1342191315
1342191316
1342191317
1342191318
1342191348
1342191349
1342191351
1342191352
1342191353
1342191355
1342191357
1342191359
1342191360
1342191361
1342191362
1342192112
1342192117
1342192121
1342192123
1342192125
1342192127
1342192128
1342192131
1342192132
1342192135
1342192136
1342192137
1342192138
1342192142
1342192143
1342192145
1342192146
1342192147
1342192148
1342192153
1342192154
1342192155
1342192156
1342192157
1342192161
1342192162
1342192163
1342192790
1342192791
1342192793
1342192794
1342192795
1342192796
1342192797
1342192798
1342192799
1342192800
1342192801
1342192802
1342192803
1342192804
1342192806
1342192979
1342192980
1342192983
1342192984
1342192989
1342192990
1342193182
1342193184
1342193195
1342193196
1342193197
1342193198
1342193199
1342193200
1342193201
1342193202
1342193203
1342193206
1342193209
1342193210
1342193211
1342193213
1342194661
1342194662
1342195490
1342195491
1342195492
1342195501
1342195502
1342195638
1342195639
1342195640
1342196683
1342196684
1342196685
1342196688
1342196689
1342196690
1342196691
1342196692
1342196693
1342196696
1342196697
1342196698
1342196864
1342196865
1342196869
1342196870
1342196871
1342196872
1342196873
1342196874
1342196878
1342196879
1342196880
1342197025
1342197026
1342197027
1342197028
1342197801
1342197809
1342197810
1342197811
1342197812
1342197813
1342197814
1342197815
1342197816
1342197817
1342197818
1342197819
1342197820
1342197821
1342197839
1342197840
1342197892
1342198169
1342198300
1342198301
1342198302
1342198303
1342198304
1342198305
1342199140
1342199141
1342199142
1342199143
1342199144
1342199227
1342199228
1342199229
1342199230
1342199231
1342199232
1342199236
1342199237
1342199238
1342199239
1342199240
1342199241
1342199242
1342199286
1342199287
1342199288
1342199289
1342199398
1342199399
1342199400
1342199401
1342199402
1342199403
1342199404
1342199405
1342199406
1342199407
1342199408
1342199409
1342199410
1342199411
1342199414
1342199415
1342199416
1342199419
1342199420
1342199421
1342199422
1342199423
1342199424
1342199731
1342199732
1342199733
1342199734
1342199735
1342199736
1342199745
1342199746
1342199747
1342199748
1342199749
1342199882
1342199885
1342199886
1342199887
1342199888
1342199889
1342199890
1342200155
1342200156
1342200157
1342200158
1342200159
1342200160
1342200161
1342200162
1342200163
1342200164
1342200165
1342202117
1342202118
1342202119
1342202123
1342202124
1342202125
1342202126
1342202581
1342202582
1342202589
1342202590
1342203046
1342203047
1342203059
1342203443
1342203445
1342203446
1342203447
1342203448
1342203449
1342203450
1342203452
1342203459
1342203460
1342203682
1342203683
1342203684
1342203685
1342203686
1342204126
1342204127
1342204128
1342204129
1342204130
1342204131
1342204132
1342204133
1342204134
1342204345
1342204346
1342204347
1342204348
1342204349
1342204350
1342206850
1342206851
1342206873
1342206874
1342206875
1342206876
1342206877
1342206878
1342206974
1342207185
1342207186
1342207187
1342207188
1342207192
1342207767
1342207768
1342207769
1342207773
1342207778
1342207779
1342207791
1342207792
1342207793
1342207794
1342207795
1342207796
1342207811
1342207816
1342207817
1342207821
1342207822
1342208901
1342208902
1342208903
1342208904
1342208905
1342208906
1342208907
1342208910
1342208913
1342208918
1342208919
1342208925
1342208926
1342208927
1342208937
1342208941
1342208942
1342208943
1342208944
1342208945
1342208946
1342208947
1342209014
1342209015
1342209391
1342209399
1342209407
1342209408
1342209409
1342209410
1342209411
1342209695
1342209696
1342209697
1342209698
1342209703
1342209704
1342209705
1342209706
1342209707
1342209708
1342209709
1342209710
1342209711
1342209712
1342209713
1342209714
1342209715
1342209716
1342209717
1342209718
1342209719
1342209724
1342209725
1342209726
1342209727
1342209728
1342209729
1342209730
1342209737
1342209866
1342209868
1342209869
1342209870
1342209871
1342210185
1342210186
1342210187
1342210188
1342210189
1342210190
1342210191
1342210382
1342210383
1342210384
1342210387
1342210388
1342210389
1342210390
1342210391
1342210392
1342210399
1342210400
1342210401
1342210402
1342210403
1342210651
1342210820
1342210821
1342210822
1342210823
1342210824
1342210825
1342210826
1342210827
1342210828
1342210829
1342210830
1342210834
1342211171
1342211172
1342211175
1342211176
1342211188
1342211189
1342211190
1342211191
1342211192
1342211193
1342211194
1342211195
1342211196
1342211197
1342211201
1342211202
1342211535
1342211536
1342211537
1342211538
1342211539
1342211540
1342211687
1342211688
1342211689
1342211690
1342211691
1342211692
1342211693
1342211694
1342211697
1342211698
1342211842
1342211844
1342211846
1342211847
1342212220
1342212225
1342212227
1342212228
1342212232
1342212234
1342212241
1342212242
1342212262
1342212263
1342212270
1342212518
1342212519
1342212520
1342212521
1342212522
1342212528
1342212530
1342212532
1342212533
1342212534
1342212535
1342212536
1342212537
1342212538
1342212539
1342212540
1342212543
1342212574
1342212575
1342212578
1342212579
1342212580
1342212581
1342212582
1342212583
1342212584
1342212585
1342212586
1342212587
1342212588
1342212595
1342212596
1342212598
1342212599
1342212600
1342212601
1342212602
1342212603
1342212788
1342212789
1342212790
1342213043
1342213044
1342213045
1342213046
1342213047
1342213130
1342213133
1342213134
1342213135
1342213136
1342213142
1342213143
1342213146
1342213283
1342213284
1342213285
1342213288
1342213289
1342213290
1342213291
1342213681
1342213682
1342213757
1342213758
1342213760
1342213911
1342213912
1342213914
1342213915
1342213923
1342213924
1342213925
1342214026
1342214027
1342214028
1342214029
1342214030
1342214031
1342214032
1342214033
1342214034
1342214035
1342214036
1342214219
1342214220
1342214221
1342214222
1342214223
1342214224
1342214226
1342214227
1342214353
1342214354
1342214356
1342214357
1342214359
1342214360
1342214361
1342214362
1342214363
1342214364
1342214365
1342214366
1342214367
1342214368
1342214369
1342214370
1342214371
1342214372
1342214373
1342214374
1342214375
1342214376
1342214631
1342214632
1342214635
1342214636
1342214637
1342214638
1342214670
1342214671
1342214672
1342214673
1342214674
1342214678
1342214679
1342214680
1342214681
1342214684
1342214687
1342214865
1342214866
1342214867
1342214869
1342214870
1342214871
1342214872
1342214873
1342214874
1342214875
1342214876
1342214877
1342214878
1342214879
1342214880
1342214881
1342214882
1342214883
1342215637
1342215639
1342215640
1342215648
1342215649
1342215681
1342215699
1342215736
1342215739
1342215740
1342215741
1342215742
1342215929
1342216082
1342216083
1342216086
1342216087
1342216163
1342216168
1342216169
1342216170
1342216173
1342216179
1342216180
1342216188
1342216190
1342216191
1342216193
1342216194
1342216196
1342216197
1342216208
1342216209
1342216217
1342216218
1342216220
1342216221
1342216625
1342216633
1342216634
1342216635
1342216636
1342216637
1342216638
1342216639
1342216641
1342216642
1342216643
1342216645
1342216646
1342216649
1342216651
1342216653
1342216658
1342216659
1342217806
1342217807
1342217821
1342217823
1342217824
1342217825
1342217831
1342217832
1342217833
1342217840
1342217841
1342217844
1342217849
1342217857
1342217858
1342217859
1342217860
1342217861
1342217943
1342218758
1342218759
1342218760
1342218761
1342218762
1342218763
1342219433
1342219434
1342219436
1342219437
1342219439
1342219440
1342219851
1342219853
1342220136
1342220137
1342220138
1342220139
1342220140
1342220598
1342220599
1342220602
1342220603
1342220604
1342220605
1342220606
1342220742
1342220743
1342220744
1342220745
1342220746
1342220747
1342220748
1342220749
1342220750
1342220751
1342220752
1342220753
1342220754
1342220755
1342220920
1342220921
1342220922
1342220973
1342220974
1342220975
1342220976
1342220977
1342220978
1342220979
1342220980
1342220981
1342220982
1342221362
1342221364
1342221382
1342221383
1342221384
1342221385
1342221386
1342221387
1342221388
1342221389
1342221392
1342221393
1342221394
1342221630
1342221632
1342221887
1342221888
1342221890
1342221891
1342221892
1342221893
1342221894
1342221895
1342221971
1342221972
1342221973
1342221974
1342221975
1342221976
1342221977
1342221978
1342221979
1342221980
1342221981
1342221982
1342222063
1342222064
1342222065
1342222067
1342222068
1342222069
1342222070
1342222071
1342222072
1342222073
1342222074
1342222075
1342222076
1342222077
1342222078
1342222079
1342222080
1342222081
1342222082
1342222083
1342222084
1342222085
1342222086
1342222087
1342222088
1342222089
1342222090
1342222091
1342222092
1342222093
1342222094
1342222095
1342222096
1342222097
1342222099
1342222100
1342222101
1342222102
1342222163
1342222166
1342222169
1342222170
1342222171
1342222172
1342222173
1342222174
1342222175
1342222176
1342222177
1342222178
1342222179
1342222180
1342222181
1342222182
1342222183
1342222184
1342222189
1342222190
1342222191
1342222192
1342222193
1342222194
1342222195
1342222196
1342222197
1342222198
1342222199
1342222200
1342222201
1342222202
1342222203
1342222204
1342222205
1342222206
1342222207
1342222208
1342222209
1342222212
1342222213
1342222214
1342222215
1342222216
1342222217
1342222218
1342222219
1342222220
1342222221
1342222222
1342222223
1342222224
1342222225
1342222227
1342222228
1342222229
1342222231
1342222234
1342222235
1342222236
1342222238
1342222239
1342222245
1342222246
1342222247
1342222248
1342222249
1342222250
1342222251
1342222252
1342222253
1342222254
1342222255
1342222257
1342222258
1342222259
1342222576
1342222577
1342222578
1342222579
1342222580
1342222581
1342222764
1342222765
1342222766
1342222767
1342222768
1342222769
1342222770
1342223101
1342223102
1342223103
1342223104
1342223105
1342223106
1342223107
1342223108
1342223109
1342223110
1342223111
1342223112
1342223113
1342223114
1342223115
1342223117
1342223118
1342223119
1342223122
1342223123
1342223124
1342223125
1342223126
1342223127
1342223128
1342223129
1342223130
1342223131
1342223132
1342223133
1342223134
1342223135
1342223138
1342223139
1342223140
1342223141
1342223142
1342223143
1342223144
1342223145
1342223146
1342223156
1342223157
1342223203
1342223204
1342223205
1342223206
1342223361
1342223365
1342223366
1342223371
1342223372
1342223373
1342223374
1342223376
1342223377
1342223378
1342223379
1342223380
1342223381
1342223382
1342223383
1342223384
1342223385
1342223386
1342223387
1342223388
1342223389
1342223390
1342223391
1342223392
1342223393
1342223394
1342223395
1342223396
1342223397
1342223398
1342223399
1342223400
1342223403
1342223404
1342223714
1342223716
1342223717
1342223718
1342223719
1342223720
1342223721
1342223722
1342223723
1342223724
1342223725
1342223728
1342223729
1342223730
1342223731
1342223732
1342223733
1342223734
1342223735
1342223736
1342223740
1342223741
1342223742
1342223743
1342223744
1342223745
1342223746
1342223747
1342223748
1342223749
1342223750
1342223758
1342223761
1342223762
1342223763
1342223764
1342223765
1342223766
1342223767
1342223773
1342223774
1342223775
1342223776
1342223777
1342223778
1342223779
1342223780
1342223781
1342223782
1342223783
1342223784
1342223785
1342223786
1342223787
1342223788
1342223789
1342223791
1342223792
1342223802
1342223803
1342223804
1342223805
1342223806
1342223807
1342223809
1342223810
1342223811
1342223812
1342223813
1342223814
1342223815
1342223816
1342223817
1342223818
1342223819
1342223821
1342223822
1342224007
1342224237
1342224238
1342224239
1342224394
1342224395
1342224396
1342224397
1342224398
1342224399
1342224400
1342224401
1342224402
1342224403
1342224404
1342224405
1342224861
1342224862
1342224863
1342224864
1342224865
1342224866
1342224867
1342224868
1342224869
1342224870
1342224871
1342224872
1342225152
1342225153
1342225154
1342225155
1342225156
1342225157
1342225158
1342225159
1342225160
1342225161
1342225162
1342225163
1342225164
1342225165
1342225166
1342225167
1342225169
1342225170
1342225171
1342225172
1342225173
1342225174
1342225175
1342225176
1342225177
1342225178
1342225221
1342225222
1342225223
1342225224
1342225225
1342225226
1342225227
1342225561
1342225562
1342225573
1342225574
1342225575
1342225576
1342225577
1342225578
1342225579
1342225580
1342225581
1342225582
1342225583
1342225584
1342225585
1342225586
1342225587
1342225590
1342225591
1342225720
1342225728
1342225729
1342225732
1342225733
1342225734
1342225735
1342225736
1342225742
1342225746
1342225749
1342225753
1342225754
1342225755
1342225756
1342225757
1342225758
1342225760
1342225763
1342225795
1342225796
1342225798
1342225800
1342225801
1342225805
1342225806
1342225810
1342225811
1342225825
1342225826
1342225828
1342225830
1342225831
1342225832
1342225833
1342225834
1342225835
1342225836
1342225837
1342225845
1342225847
1342225849
1342225851
1342225852
1342225853
1342225854
1342225992
1342225993
1342225994
1342225995
1342225998
1342225999
1342226002
1342226005
1342226006
1342226007
1342226008
1342226009
1342226010
1342226186
1342226192
1342226194
1342226195
1342226750
1342226751
1342226752
1342226894
1342226895
1342226896
1342226897
1342226898
1342226899
1342226900
1342226902
1342227071
1342227072
1342227204
1342227205
1342227206
1342227207
1342227208
1342227346
1342227348
1342227621
1342227622
1342227623
1342227624
1342227634
1342227635
1342227638
1342227773
1342227799
1342228179
1342228180
1342228181
1342228182
1342228183
1342228184
1342228185
1342228186
1342228244
1342228245
1342228246
1342228249
1342228250
1342228251
1342228252
1342228253
1342228417
1342228418
1342228419
1342228420
1342228453
1342228458
1342228459
1342228460
1342228467
1342228468
1342228501
1342228502
1342228503
1342228504
1342228505
1342228506
1342228507
1342228508
1342228509
1342228510
1342228511
1342228512
1342228513
1342228514
1342228516
1342228517
1342228518
1342228521
1342228524
1342228533
1342228534
1342229688
1342229695
1342229698
1342229699
1342229700
1342229710
1342229721
1342229722
1342229723
1342229724
1342229725
1342229726
1342229727
1342229728
1342229729
1342229730
1342229731
1342229732
1342229739
1342229743
1342229744
1342229745
1342229746
1342229747
1342229748
1342229749
1342229750
1342229751
1342229752
1342229793
1342229796
1342229799
1342229800
1342229801
1342229803
1342229804
1342229824
1342229825
1342229826
1342229827
1342229828
1342229829
1342229830
1342229831
1342229832
1342229833
1342229835
1342230074
1342230075
1342230081
1342230082
1342230126
1342230129
1342230130
1342230147
1342230148
1342230149
1342230890
1342230893
1342230894
1342230910
1342230911
1342230932
1342230933
1342230937
1342230938
1342230939
1342230950
1342230955
1342230994
1342230996
1342231278
1342231279
1342231280
1342231281
1342231282
1342231283
1342231284
1342231285
1342231286
1342231301
1342231307
1342231308
1342231309
1342231314
1342231316
1342231317
1342231427
1342231429
1342231706
1342231713
1342231715
1342231718
1342231734
1342231749
1342231752
1342231759
1342231958
1342231961
1342231962
1342231963
1342232253
1342232259
1342232265
1342232266
1342232267
1342232269
1342232271
1342232272
1342232277
1342232282
1342232283
1342232284
1342232294
1342232295
1342232296
1342232297
1342232306
1342232307
1342232309
1342232310
1342232311
1342232312
1342232313
1342232317
1342232331
1342232548
1342232549
1342232550
1342232551
1342232552
1342232553
1342232554
1342232555
1342232561
1342232562
1342232563
1342232568
1342232569
1342232574
1342232583
1342232585
1342232587
1342232588
1342232589
1342232590
1342232601
1342232609
1342232614
1342232615
1342232616
1342233262
1342233448
1342233449
1342233474
1342233475
1342233476
1342233477
1342233478
1342233480
1342233481
1342233702
1342233705
1342233706
1342233707
1342233708
1342233709
1342233711
1342233722
1342233723
1342233728
1342233841
1342234055
1342234059
1342234060
1342234062
1342234063
1342234065
1342234066
1342234266
1342234267
1342234492
1342234936
1342234948
1342234949
1342234992
1342234995
1342234998
1342235656
1342235673
1342235675
1342235676
1342235684
1342235686
1342235687
1342235688
1342235689
1342235692
1342235693
1342235699
1342235700
1342235704
1342235705
1342235708
1342235710
1342235711
1342235844
1342235846
1342235847
1342236271
1342236272
1342236273
1342236274
1342236275
1342236276
1342236277
1342236278
1342236279
1342236282
1342236285
1342236286
1342236287
1342236293
1342236873
1342236874
1342236876
1342236883
1342236884
1342236887
1342236984
1342236985
1342237475
1342237477
1342237478
1342237479
1342237491
1342237573
1342237574
1342237582
1342237584
1342237588
1342237597
1342237598
1342238133
1342238134
1342238141
1342238152
1342238155
1342238156
1342238157
1342238158
1342238159
1342238161
1342238162
1342238364
1342238376
1342238377
1342238378
1342238379
1342238385
1342238386
1342238387
1342238390
1342238391
1342238561
1342238600
1342238601
1342238636
1342238726
1342238909
1342238910
1342238911
1342238915
1342238916
1342238940
1342238943
1342238948
1342238964
1342239370
1342239376
1342239377
1342239482
1342239492
1342239495
1342239496
1342239497
1342239499
1342239500
1342239501
1342239502
1342239503
1342239504
1342239509
1342239712
1342239718
1342239719
1342239733
1342239744
1342239752
1342239761
1342239762
1342240160
1342240161
1342240162
1342240168
1342240169
1342240777
1342241264
1342241492
1342241493
1342241494
1342241707
1342241709
1342241710
1342241851
1342241852
1342242439
1342243104
1342243512
1342243526
1342243533
1342243534
1342243535
1342243536
1342243546
1342243863
1342243867
1342243868
1342243888
1342243891
1342243892
1342243898
1342243899
1342244022
1342244065
1342244421
1342244422
1342244439
1342244448
1342244449
1342244450
1342244455
1342244456
1342244457
1342244470
1342244471
1342244908
1342244909
1342244917
1342245227
1342245228
1342245231
1342245235
1342245246
1342245247
1342245394
1342245396
1342245397
1342245398
1342245399
1342245400
1342245444
1342245445
1342245446
1342245447
1342245448
1342245449
1342245450
1342245451
1342245453
1342245459
1342245644
1342245649
1342245650
1342245811
1342245812
1342245958
1342245959
1342245960
1342245968
1342245969
1342245970
1342245971
1342245972
1342245973
1342245975
1342245981
1342246240
1342246241
1342246242
1342246243
1342246244
1342246245
1342246382
1342246384
1342246385
1342246386
1342246387
1342246388
1342246394
1342246395
1342246553
1342246554
1342246555
1342246556
1342246559
1342246560
1342246561
1342246562
1342246563
1342246564
1342246565
1342246566
1342246567
1342246639
1342246640
1342246641
1342246796
1342246797
1342246798
1342246799
1342246963
1342246964
1342247003
1342247009
1342247010
1342247131
1342247132
1342247134
1342247135
1342247136
1342247137
1342247138
1342247139
1342247142
1342247143
1342247145
1342247146
1342247147
1342247148
1342247149
1342247151
1342247152
1342247159
1342247451
1342247466
1342247467
1342247468
1342247469
1342247470
1342247473
1342247474
1342247475
1342247476
1342247508
1342247509
1342247510
1342247513
1342247536
1342247538
1342247539
1342247543
1342247544
1342247545
1342247547
1342247548
1342247549
1342247718
1342247719
1342247720
1342247721
1342247723
1342247727
1342247728
1342247729
1342247730
1342247731
1342247733
1342247735
1342247736
1342247776
1342247778
1342247779
1342247781
1342247782
1342247783
1342247784
1342247786
1342247787
1342247788
1342247796
1342247801
1342247802
1342247803
1342247804
1342247805
1342247806
1342247807
1342247808
1342247809
1342247814
1342247815
1342247817
1342247818
1342247819
1342247820
1342247821
1342248295
1342248296
1342248299
1342248300
1342248303
1342248304
1342248305
1342248306
1342248307
1342248344
1342248345
1342248350
1342248359
1342248360
1342248361
1342248507
1342248536
1342248540
1342248544
1342248559
1342248561
1342248562
1342248681
1342248682
1342248683
1342248684
1342248685
1342248686
1342248687
1342248688
1342248689
1342248740
1342248879
1342249197
1342249208
1342249212
1342249311
1342249312
1342249313
1342249314
1342249316
1342249384
1342249385
1342249386
1342249387
1342249390
1342249391
1342249392
1342249393
1342249495
1342249499
1342249500
1342249501
1342249502
1342249504
1342249505
1342249506
1342249507
1342249508
1342249510
1342249512
1342249999
1342250000
1342250001
1342250002
1342250003
1342250005
1342250127
1342250128
1342250129
1342250131
1342250315
1342250316
1342250317
1342250571
1342250573
1342250578
1342250585
1342250586
1342250587
1342250892
1342250893
1342250894
1342250895
1342250897
1342250898
1342250899
1342250904
1342250905
1342250913
1342250914
1342250915
1342250916
1342250918
1342250919
1342250920
1342250958
1342250983
1342250987
1342250988
1342250989
1342250992
1342250993
1342250994
1342250995
1342250996
1342250997
1342250998
1342250999
1342251000
1342251003
1342251036
1342251093
1342251094
1342251172
1342251176
1342251177
1342251178
1342251179
1342251203
1342251235
1342251343
1342251344
1342251345
1342251346
1342251347
1342251348
1342251354
1342251363
1342251364
1342251365
1342251366
1342251367
1342251423
1342251514
1342251515
1342251516
1342251595
1342251596
1342251598
1342252087
1342252090
1342252091
1342252092
1342252093
1342252094
1342252095
1342252096
1342252102
1342252103
1342252155
1342252156
1342252245
1342252246
1342252247
1342252248
1342252249
1342252250
1342252254
1342252255
1342252256
1342252257
1342252258
1342252259
1342252260
1342252261
1342252271
1342252272
1342252273
1342252274
1342252325
1342252356
1342252359
1342252360
1342252361
1342252362
1342252363
1342252364
1342252365
1342252366
1342253116
1342253117
1342253118
1342253119
1342253356
1342253358
1342253359
1342253360
1342253362
1342253364
1342253365
1342253366
1342253367
1342253368
1342253369
1342253370
1342253371
1342253585
1342253586
1342253587
1342253677
1342253678
1342253679
1342253680
1342253722
1342253723
1342253724
1342253725
1342253726
1342253727
1342253737
1342253738
1342253739
1342253751
1342253755
1342253756
1342253757
1342253758
1342253760
1342253761
1342253767
1342253768
1342253769
1342253771
1342254214
1342254216
1342254217
1342254218
1342254219
1342254220
1342254221
1342254222
1342254223
1342254224
1342254225
1342254226
1342254227
1342254228
1342254229
1342254230
1342254231
1342254232
1342254233
1342254244
1342254253
1342254254
1342254255
1342254256
1342254257
1342254258
1342254259
1342254260
1342254261
1342254262
1342254263
1342254264
1342254265
1342254266
1342254267
1342254268
1342254269
1342254270
1342254271
1342254272
1342254273
1342254274
1342254275
1342254280
1342254281
1342254284
1342254285
1342254286
1342254287
1342254288
1342254289
1342254290
1342254291
1342254292
1342254293
1342254294
1342254297
1342254298
1342254299
1342254300
1342254303
1342254304
1342254306
1342254402
1342254606
1342254607
1342254608
1342254609
1342254610
1342254611
1342254612
1342254616
1342254617
1342254618
1342254619
1342254620
1342254621
1342254767
1342254768
1342254769
1342254770
1342254771
1342254913
1342254914
1342254927
1342254931
1342254932
1342254934
1342254937
1342254938
1342254939
1342254940
1342254947
1342254948
1342254952
1342254961
1342254963
1342254964
1342255733
1342255734
1342255742
1342256246
1342256247
1342256248
1342256249
1342256250
1342256254
1342256255
1342256256
1342256476
1342256477
1342256478
1342256479
1342256480
1342256481
1342256761
1342256762
1342256763
1342256764
1342256766
1342256767
1342256768
1342256769
1342256771
1342256772
1342256773
1342256776
1342256783
1342256784
1342256907
1342256927
1342256928
1342256934
1342256935
1342256940
1342256946
1342256948
1342257220
1342257222
1342257241
1342257256
1342257274
1342257275
1342257633
1342257682
1342257684
1342257686
1342257793
1342257799
1342257800
1342257801
1342258091
1342258092
1342258103
1342258842
1342258851
1342259560
1342259608
1342259618
1342259619
1342259621
1342261474
1342261475
1342261476
1342261477
1342261478
1342262004
1342262005
1342262010
1342262011
1342262018
1342262026
1342262028
1342262035
1342262043
1342262044
1342262045
1342262046
1342262047
1342262048
1342262533
1342262534
1342262535
1342262536
1342262537
1342262538
1342262539
1342262540
1342262543
1342262544
1342262545
1342262658
1342262936
1342262939
1342262941
1342262945
1342262946
1342262947
1342262948
1342262949
1342262958
1342262959
1342262960
1342262961
1342262962
1342262967
1342262968
1342262969
1342262970
1342262971
1342262976
1342262977
1342262978
1342262979
1342262980
1342262981
1342262982
1342262983
1342262984
1342262985
1342263000
1342263459
1342263460
1342263462
1342263463
1342263464
1342263465
1342263466
1342263467
1342263468
1342263469
1342263470
1342263477
1342263486
1342263487
1342263488
1342263489
1342263492
1342263494
1342263496
1342263500
1342263501
1342263502
1342263506
1342263507
1342263508
1342263509
1342263510
1342263511
1342263512
1342263513
1342263514
1342263515
1342263516
1342263517
1342263934
1342263935
1342264185
1342264186
1342264190
1342264191
1342264192
1342264193
1342264194
1342264200
1342264201
1342264202
1342264203
1342264204
1342264205
1342264206
1342264207
1342264208
1342264209
1342264210
1342264211
1342264212
1342264213
1342264214
1342264215
1342264216
1342264217
1342264218
1342264219
1342264220
1342264221
1342264222
1342264223
1342264224
1342264225
1342264226
1342264227
1342264228
1342264237
1342264238
1342264239
1342264240
1342264241
1342264242
1342264243
1342264244
1342264245
1342264246
1342264247
1342264248
1342264249
1342264250
1342264251
1342264252
1342264255
1342265445
1342265446
1342265447
1342265448
1342265449
1342265450
1342265451
1342265452
1342265453
1342265454
1342265455
1342265456
1342265457
1342265458
1342265459
1342265460
1342265461
1342265462
1342265463
1342265464
1342265465
1342265466
1342265467
1342265468
1342265469
1342265470
1342265670
1342265671
1342265672
1342265673
1342265674
1342265675
1342265676
1342265677
1342265680
1342265681
1342265682
1342265683
1342265684
1342265685
1342265686
1342265687
1342265688
1342265689
1342265690
1342265691
1342265692
1342265693
1342265694
1342265695
1342265697
1342265698
1342265699
1342265700
1342265701
1342265702
1342265703
1342265704
1342265705
1342265706
1342265707
1342265708
1342265710
1342265711
1342265712
1342265730
1342265731
1342265732
1342265921
1342265922
1342265923
1342265924
1342265925
1342265927
1342265928
1342265929
1342265930
1342265931
1342265932
1342265933
1342265934
1342265935
1342265936
1342265937
1342265938
1342265939
1342265940
1342265941
1342265950
1342265951
1342265952
1342265956
1342266921
1342266922
1342266923
1342266924
1342266925
1342266926
1342266945
1342266946
1342266947
1342266964
1342266968
1342266969
1342266970
1342266971
1342266972
1342266973
1342266974
1342266975
1342266976
1342266977
1342266978
1342266979
1342266980
1342266981
1342266982
1342266983
1342267175
1342267176
1342267177
1342267178
1342267179
1342267182
1342267183
1342267184
1342267185
1342267186
1342267607
1342267608
1342267609
1342267610
1342267611
1342267612
1342267613
1342267614
1342267615
1342267616
1342267617
1342267618
1342267619
1342267626
1342267839
1342267840
1342267841
1342267842
1342267843
1342267844
1342267851
1342267852
1342267853
1342267855
1342267856
1342267857
1342267858
1342267859
1342267860
1342267861
1342267865
1342267866
1342267869
1342267870
1342267871
1342267874
1342267875
1342267876
1342267877
1342267878
1342267879
1342267880
1342267881
1342268180
1342268182
1342268183
1342268450
1342268644
1342268645
1342268646
1342268647
1342268648
1342268649
1342268736
1342268737
1342268738
1342268739
1342268740
1342268741
1342268742
1342268743
1342268744
1342268745
1342268746
1342268747
1342268779
1342268780
1342268781
1342268782
1342268795
1342268796
1342268799
1342268800
1342268801
1342268802
1342268803
1342268804
1342268806
1342268807
1342268808
1342268809
1342269300
1342269301
1342269303
1342269441
1342269442
1342269443
1342269452
1342269453
1342269454
1342269455
1342269459
1342269460
1342269461
1342269462
1342269464
1342269465
1342269466
1342269467
1342269468
1342269469
1342269470
1342269471
1342269524
1342269525
1342269526
1342269535
1342269536
1342269551
1342269552
1342269553
1342269858
1342269859
1342269870
1342269878
1342269879
1342269921
1342269922
1342269990
1342269991
1342269992
1342269993
1342269994
1342269995
1342269996
1342269997
1342269998
1342269999
1342270000
1342270001
1342270002
1342270003
1342270004
1342270005
1342270006
1342270007
1342270011
1342270012
1342270013
1342270014
1342270015
1342270016
1342270017
1342270018
1342270019
1342270349
1342270350
1342270351
1342270352
1342270353
1342270354
1342270355
1342270356
1342270357
1342270358
1342270359
1342270360
1342270361
1342270362
1342270363
1342270364
1342270365
1342270366
1342270367
1342270368
1342270369
1342270370
1342270371
1342270372
1342270373
1342270374
1342270375
1342270376
1342270641
1342270642
1342270643
1342270644
1342270645
1342270646
1342270647
1342270648
1342270649
1342270650
1342270651
1342270652
1342270653
1342270654
1342270655
1342270656
1342270657
1342270658
1342270659
1342270660
1342270661
1342270663
1342270664
1342270665
1342270666
1342270667
1342270668
1342270669
1342270670
1342270671
1342270672
1342270674
1342270675
1342270676
1342270677
1342270678
1342270679
1342270680
1342270681
1342270686
1342270755
1342270756
1342270757
1342270758
1342270759
1342270760
1342270761
1342270762
1342270763
1342270767
1342271043
1342271044
1342271045
1342271046
1342271047
1342271048
1342271191
1342271194
1342271195
1342271196
