1342181975
1342181976
1342181977
1342181978
1342181982
1342182002
1342182003
1342182004
1342182005
1342182006
1342182007
1342182008
1342182009
1342182010
1342182011
1342186305
1342186306
1342186307
1342186308
1342186310
1342186311
1342186314
1342186315
1342186316
1342186317
1342186318
1342186319
1342186320
1342186321
1342186322
1342186333
1342186337
1342186571
1342186650
1342186651
1342186652
1342186796
1342186797
1342186798
1342186799
1342186802
1342186810
1342186811
1342186812
1342186970
1342186971
1342186983
1342186984
1342187019
1342187020
1342187021
1342187124
1342187125
1342187126
1342187127
1342187201
1342187202
1342187205
1342187206
1342187207
1342187229
1342187230
1342187231
1342187232
1342187233
1342187234
1342187235
1342187238
1342187779
1342187780
1342187781
1342187782
1342187783
1342187843
1342187844
1342187845
1342187846
1342187847
1342188033
1342188034
1342188035
1342188036
1342188037
1342188038
1342188039
1342188040
1342188041
1342188423
1342188424
1342188425
1342188426
1342188427
1342188428
1342188429
1342188430
1342188431
1342188432
1342188433
1342188434
1342188435
1342188436
1342188437
1342188438
1342188524
1342188525
1342188526
1342188700
1342188701
1342188702
1342188703
1342188704
1342188936
1342188937
1342188938
1342188939
1342188940
1342188941
1342188942
1342188943
1342188944
1342188948
1342189062
1342189063
1342189064
1342189065
1342189066
1342189067
1342189068
1342189069
1342189070
1342189071
1342189072
1342189073
1342189074
1342189271
1342189272
1342189273
1342189277
1342189278
1342189279
1342189280
1342189409
1342189410
1342189411
1342189412
1342189413
1342189414
1342189415
1342189416
1342189417
1342189608
1342189609
1342189610
1342189611
1342189612
1342189613
1342189962
1342190350
1342190351
1342190352
1342190353
1342190354
1342190355
1342190356
1342190357
1342190358
1342190359
1342190360
1342190361
1342190367
1342190368
1342190369
1342190370
1342190371
1342190372
1342190373
1342190374
1342190375
1342190376
1342190377
1342190378
1342190379
1342190380
1342190381
1342190382
1342190383
1342190384
1342190385
1342190386
1342190387
1342190686
1342190687
1342190688
1342190689
1342190690
1342190691
1342190692
1342190693
1342190694
1342190695
1342190696
1342190697
1342190698
1342190699
1342190700
1342190701
1342190702
1342190703
1342190704
1342190705
1342190706
1342190707
1342190708
1342190709
1342190710
1342190711
1342191138
1342191139
1342191140
1342191144
1342191145
1342191146
1342191147
1342191148
1342191149
1342191150
1342191151
1342191152
1342191153
1342191154
1342191294
1342191295
1342191296
1342191297
1342191298
1342191299
1342191300
1342191301
1342191302
1342191303
1342191304
1342191305
1342191306
1342191307
1342191308
1342191309
1342191310
1342191311
1342191312
1342191313
1342191314
1342191315
1342191316
1342191317
1342191318
1342191348
1342191349
1342191350
1342191351
1342191352
1342191353
1342191354
1342191355
1342191356
1342191357
1342191358
1342191359
1342191360
1342191361
1342191362
1342191363
1342191364
1342192112
1342192113
1342192114
1342192115
1342192116
1342192117
1342192118
1342192119
1342192120
1342192121
1342192122
1342192123
1342192124
1342192125
1342192126
1342192127
1342192128
1342192129
1342192130
1342192131
1342192132
1342192133
1342192134
1342192135
1342192136
1342192137
1342192138
1342192142
1342192143
1342192145
1342192146
1342192147
1342192148
1342192149
1342192153
1342192154
1342192155
1342192156
1342192157
1342192158
1342192159
1342192160
1342192161
1342192162
1342192163
1342192790
1342192791
1342192792
1342192793
1342192794
1342192795
1342192796
1342192797
1342192798
1342192799
1342192800
1342192801
1342192802
1342192803
1342192804
1342192805
1342192806
1342192975
1342192979
1342192980
1342192981
1342192982
1342192983
1342192984
1342192985
1342192986
1342192987
1342192988
1342192989
1342192990
1342193182
1342193184
1342193195
1342193196
1342193197
1342193198
1342193199
1342193200
1342193201
1342193202
1342193203
1342193204
1342193205
1342193206
1342193207
1342193208
1342193209
1342193210
1342193211
1342193212
1342193213
1342193214
1342193215
1342193216
1342193217
1342193695
1342193696
1342193697
1342193698
1342194661
1342194662
1342195490
1342195491
1342195492
1342195501
1342195502
1342195632
1342195633
1342195634
1342195638
1342195639
1342195640
1342196683
1342196684
1342196685
1342196686
1342196687
1342196688
1342196689
1342196690
1342196691
1342196692
1342196693
1342196694
1342196695
1342196696
1342196697
1342196698
1342196699
1342196700
1342196864
1342196865
1342196869
1342196870
1342196871
1342196872
1342196873
1342196874
1342196875
1342196876
1342196877
1342196878
1342196879
1342196880
1342197025
1342197026
1342197027
1342197028
1342197029
1342197030
1342197031
1342197032
1342197033
1342197790
1342197791
1342197792
1342197793
1342197794
1342197795
1342197796
1342197797
1342197798
1342197799
1342197800
1342197801
1342197802
1342197803
1342197804
1342197805
1342197809
1342197810
1342197811
1342197812
1342197813
1342197814
1342197815
1342197816
1342197817
1342197818
1342197819
1342197820
1342197821
1342197825
1342197826
1342197827
1342197828
1342197829
1342197830
1342197831
1342197832
1342197833
1342197834
1342197835
1342197836
1342197837
1342197838
1342197839
1342197840
1342197881
1342197883
1342197884
1342197885
1342197886
1342197887
1342197888
1342197889
1342197890
1342197891
1342197892
1342197893
1342197894
1342197895
1342197896
1342197897
1342197898
1342197899
1342197900
1342197901
1342197902
1342197903
1342197904
1342197905
1342197906
1342197907
1342197908
1342197909
1342197910
1342197911
1342197912
1342197913
1342197914
1342198169
1342198170
1342198171
1342198172
1342198173
1342198174
1342198175
1342198176
1342198177
1342198300
1342198301
1342198302
1342198303
1342198304
1342198305
1342198306
1342199140
1342199141
1342199142
1342199143
1342199144
1342199145
1342199146
1342199226
1342199227
1342199228
1342199229
1342199230
1342199231
1342199232
1342199233
1342199234
1342199235
1342199236
1342199237
1342199238
1342199239
1342199240
1342199241
1342199242
1342199243
1342199286
1342199287
1342199288
1342199289
1342199290
1342199291
1342199292
1342199293
1342199294
1342199295
1342199296
1342199297
1342199298
1342199398
1342199399
1342199400
1342199401
1342199402
1342199403
1342199404
1342199405
1342199406
1342199407
1342199408
1342199409
1342199410
1342199411
1342199412
1342199413
1342199414
1342199415
1342199416
1342199417
1342199418
1342199419
1342199420
1342199421
1342199422
1342199423
1342199424
1342199725
1342199726
1342199727
1342199728
1342199729
1342199730
1342199731
1342199732
1342199733
1342199734
1342199735
1342199736
1342199737
1342199738
1342199739
1342199740
1342199741
1342199742
1342199743
1342199744
1342199745
1342199746
1342199747
1342199748
1342199749
1342199882
1342199883
1342199884
1342199885
1342199886
1342199887
1342199888
1342199889
1342199890
1342200155
1342200156
1342200157
1342200158
1342200159
1342200160
1342200161
1342200162
1342200163
1342200164
1342200165
1342200166
1342200167
1342202107
1342202108
1342202109
1342202110
1342202111
1342202112
1342202113
1342202114
1342202115
1342202116
1342202117
1342202118
1342202119
1342202120
1342202121
1342202122
1342202123
1342202124
1342202125
1342202126
1342202581
1342202582
1342202586
1342202587
1342202588
1342202589
1342202590
1342203046
1342203047
1342203048
1342203049
1342203050
1342203051
1342203052
1342203053
1342203054
1342203055
1342203056
1342203057
1342203058
1342203059
1342203120
1342203121
1342203122
1342203123
1342203124
1342203125
1342203126
1342203127
1342203128
1342203129
1342203130
1342203131
1342203132
1342203133
1342203134
1342203135
1342203136
1342203137
1342203442
1342203443
1342203444
1342203445
1342203446
1342203447
1342203448
1342203449
1342203450
1342203451
1342203452
1342203453
1342203454
1342203455
1342203456
1342203457
1342203458
1342203459
1342203460
1342203678
1342203679
1342203680
1342203681
1342203682
1342203683
1342203684
1342203685
1342203686
1342204115
1342204116
1342204117
1342204118
1342204119
1342204120
1342204121
1342204122
1342204123
1342204124
1342204125
1342204126
1342204127
1342204128
1342204129
1342204130
1342204131
1342204132
1342204133
1342204134
1342204332
1342204333
1342204334
1342204335
1342204336
1342204337
1342204338
1342204339
1342204340
1342204341
1342204345
1342204346
1342204347
1342204348
1342204349
1342204350
1342204351
1342204352
1342204353
1342204354
1342206346
1342206347
1342206850
1342206851
1342206852
1342206853
1342206854
1342206855
1342206856
1342206857
1342206858
1342206859
1342206860
1342206861
1342206862
1342206863
1342206864
1342206865
1342206866
1342206867
1342206868
1342206869
1342206870
1342206871
1342206872
1342206873
1342206874
1342206875
1342206876
1342206877
1342206878
1342206879
1342206880
1342206887
1342206888
1342206974
1342206975
1342206976
1342206977
1342206978
1342206979
1342206980
1342206981
1342206982
1342206983
1342206984
1342206985
1342206986
1342206987
1342206988
1342206989
1342206990
1342206991
1342206992
1342206993
1342207185
1342207186
1342207187
1342207188
1342207192
1342207767
1342207768
1342207769
1342207773
1342207774
1342207775
1342207776
1342207777
1342207778
1342207779
1342207780
1342207781
1342207782
1342207787
1342207788
1342207789
1342207790
1342207791
1342207792
1342207793
1342207794
1342207795
1342207796
1342207801
1342207802
1342207803
1342207804
1342207805
1342207806
1342207807
1342207808
1342207809
1342207810
1342207811
1342207816
1342207817
1342207818
1342207819
1342207820
1342207821
1342207822
1342207823
1342207824
1342207825
1342207826
1342208867
1342208868
1342208869
1342208870
1342208871
1342208872
1342208873
1342208874
1342208875
1342208880
1342208881
1342208882
1342208883
1342208884
1342208885
1342208886
1342208887
1342208888
1342208889
1342208890
1342208891
1342208892
1342208893
1342208894
1342208895
1342208896
1342208901
1342208902
1342208903
1342208904
1342208905
1342208906
1342208907
1342208908
1342208909
1342208910
1342208911
1342208912
1342208913
1342208914
1342208915
1342208916
1342208917
1342208918
1342208919
1342208920
1342208925
1342208926
1342208927
1342208931
1342208932
1342208933
1342208934
1342208935
1342208936
1342208937
1342208938
1342208939
1342208940
1342208941
1342208942
1342208943
1342208944
1342208945
1342208946
1342208947
1342208948
1342208949
1342208950
1342208951
1342208952
1342208953
1342208954
1342208955
1342208956
1342209012
1342209013
1342209014
1342209015
1342209391
1342209392
1342209393
1342209394
1342209399
1342209400
1342209401
1342209402
1342209403
1342209404
1342209405
1342209406
1342209407
1342209408
1342209409
1342209410
1342209411
1342209695
1342209696
1342209697
1342209698
1342209703
1342209704
1342209705
1342209706
1342209707
1342209708
1342209709
1342209710
1342209711
1342209712
1342209713
1342209714
1342209715
1342209716
1342209717
1342209718
1342209719
1342209724
1342209725
1342209726
1342209727
1342209728
1342209729
1342209730
1342209731
1342209732
1342209733
1342209734
1342209735
1342209736
1342209737
1342209738
1342209739
1342209740
1342209866
1342209868
1342209869
1342209870
1342209871
1342210185
1342210186
1342210187
1342210188
1342210189
1342210190
1342210191
1342210381
1342210382
1342210383
1342210384
1342210385
1342210386
1342210387
1342210388
1342210389
1342210390
1342210391
1342210392
1342210393
1342210394
1342210395
1342210396
1342210397
1342210398
1342210399
1342210400
1342210401
1342210402
1342210403
1342210651
1342210652
1342210653
1342210654
1342210813
1342210814
1342210815
1342210816
1342210820
1342210821
1342210822
1342210823
1342210824
1342210825
1342210826
1342210827
1342210828
1342210829
1342210830
1342210831
1342210832
1342210833
1342210834
1342211161
1342211162
1342211163
1342211164
1342211165
1342211166
1342211167
1342211168
1342211169
1342211170
1342211171
1342211172
1342211173
1342211174
1342211175
1342211176
1342211177
1342211178
1342211184
1342211188
1342211189
1342211190
1342211191
1342211192
1342211193
1342211194
1342211195
1342211196
1342211197
1342211198
1342211199
1342211200
1342211201
1342211202
1342211535
1342211536
1342211537
1342211538
1342211539
1342211540
1342211544
1342211545
1342211677
1342211678
1342211679
1342211680
1342211681
1342211682
1342211683
1342211684
1342211685
1342211686
1342211687
1342211688
1342211689
1342211690
1342211691
1342211692
1342211693
1342211694
1342211695
1342211696
1342211697
1342211698
1342211699
1342211700
1342211701
1342211702
1342211703
1342211704
1342211705
1342211706
1342211707
1342211708
1342211709
1342211710
1342211820
1342211821
1342211822
1342211823
1342211824
1342211825
1342211826
1342211842
1342211844
1342211845
1342211846
1342211847
1342212209
1342212210
1342212211
1342212212
1342212213
1342212214
1342212215
1342212216
1342212217
1342212218
1342212219
1342212220
1342212221
1342212222
1342212223
1342212224
1342212225
1342212226
1342212227
1342212228
1342212229
1342212230
1342212231
1342212232
1342212233
1342212234
1342212241
1342212242
1342212243
1342212244
1342212245
1342212246
1342212247
1342212248
1342212249
1342212250
1342212251
1342212252
1342212253
1342212254
1342212255
1342212256
1342212257
1342212258
1342212259
1342212260
1342212261
1342212262
1342212263
1342212264
1342212265
1342212266
1342212270
1342212512
1342212513
1342212514
1342212515
1342212516
1342212517
1342212518
1342212519
1342212520
1342212521
1342212522
1342212528
1342212530
1342212531
1342212532
1342212533
1342212534
1342212535
1342212536
1342212537
1342212538
1342212539
1342212540
1342212541
1342212542
1342212543
1342212574
1342212575
1342212576
1342212577
1342212578
1342212579
1342212580
1342212581
1342212582
1342212583
1342212584
1342212585
1342212586
1342212587
1342212588
1342212595
1342212596
1342212597
1342212598
1342212599
1342212600
1342212601
1342212602
1342212603
1342212604
1342212605
1342212606
1342212607
1342212608
1342212609
1342212783
1342212784
1342212785
1342212786
1342212787
1342212788
1342212789
1342212790
1342213043
1342213044
1342213045
1342213046
1342213047
1342213130
1342213131
1342213133
1342213134
1342213135
1342213136
1342213137
1342213138
1342213142
1342213143
1342213144
1342213145
1342213146
1342213283
1342213284
1342213285
1342213286
1342213287
1342213288
1342213289
1342213290
1342213291
1342213308
1342213310
1342213311
1342213312
1342213313
1342213314
1342213315
1342213677
1342213681
1342213682
1342213683
1342213748
1342213749
1342213750
1342213751
1342213752
1342213753
1342213754
1342213755
1342213756
1342213757
1342213758
1342213759
1342213760
1342213761
1342213762
1342213911
1342213912
1342213913
1342213914
1342213915
1342213916
1342213917
1342213918
1342213919
1342213920
1342213921
1342213922
1342213923
1342213924
1342213925
1342214026
1342214027
1342214028
1342214029
1342214030
1342214031
1342214032
1342214033
1342214034
1342214035
1342214036
1342214219
1342214220
1342214221
1342214222
1342214223
1342214224
1342214225
1342214226
1342214227
1342214353
1342214354
1342214356
1342214357
1342214358
1342214359
1342214360
1342214361
1342214362
1342214363
1342214364
1342214365
1342214366
1342214367
1342214368
1342214369
1342214370
1342214371
1342214372
1342214373
1342214374
1342214375
1342214376
1342214620
1342214621
1342214622
1342214623
1342214624
1342214628
1342214629
1342214630
1342214631
1342214632
1342214633
1342214634
1342214635
1342214636
1342214637
1342214638
1342214670
1342214671
1342214672
1342214673
1342214674
1342214675
1342214676
1342214677
1342214678
1342214679
1342214680
1342214681
1342214682
1342214683
1342214684
1342214685
1342214686
1342214687
1342214688
1342214689
1342214865
1342214866
1342214867
1342214869
1342214870
1342214871
1342214872
1342214873
1342214874
1342214875
1342214876
1342214877
1342214878
1342214879
1342214880
1342214881
1342214882
1342214883
1342214887
1342214888
1342215635
1342215636
1342215637
1342215638
1342215639
1342215640
1342215641
1342215642
1342215648
1342215649
1342215650
1342215651
1342215652
1342215653
1342215654
1342215655
1342215656
1342215657
1342215658
1342215659
1342215660
1342215661
1342215662
1342215663
1342215664
1342215665
1342215666
1342215667
1342215668
1342215676
1342215678
1342215679
1342215680
1342215681
1342215682
1342215683
1342215684
1342215685
1342215686
1342215687
1342215688
1342215689
1342215690
1342215691
1342215692
1342215693
1342215694
1342215695
1342215696
1342215697
1342215698
1342215699
1342215736
1342215737
1342215738
1342215739
1342215740
1342215741
1342215742
1342215929
1342216082
1342216083
1342216084
1342216085
1342216086
1342216087
1342216161
1342216162
1342216163
1342216166
1342216167
1342216168
1342216169
1342216170
1342216171
1342216172
1342216173
1342216174
1342216175
1342216176
1342216177
1342216178
1342216179
1342216180
1342216181
1342216182
1342216183
1342216188
1342216189
1342216190
1342216191
1342216192
1342216193
1342216194
1342216195
1342216196
1342216197
1342216198
1342216199
1342216200
1342216201
1342216202
1342216207
1342216208
1342216209
1342216210
1342216211
1342216212
1342216213
1342216214
1342216215
1342216216
1342216217
1342216218
1342216219
1342216220
1342216221
1342216222
1342216342
1342216371
1342216617
1342216618
1342216622
1342216623
1342216624
1342216625
1342216626
1342216627
1342216628
1342216629
1342216630
1342216633
1342216634
1342216635
1342216636
1342216637
1342216638
1342216639
1342216641
1342216642
1342216643
1342216644
1342216645
1342216646
1342216647
1342216648
1342216649
1342216650
1342216651
1342216652
1342216653
1342216654
1342216655
1342216658
1342216659
1342217652
1342217653
1342217654
1342217655
1342217656
1342217657
1342217658
1342217702
1342217703
1342217789
1342217790
1342217791
1342217792
1342217793
1342217794
1342217795
1342217796
1342217797
1342217798
1342217799
1342217800
1342217801
1342217802
1342217803
1342217804
1342217805
1342217806
1342217807
1342217815
1342217816
1342217817
1342217818
1342217819
1342217820
1342217821
1342217822
1342217823
1342217824
1342217825
1342217826
1342217827
1342217828
1342217829
1342217830
1342217831
1342217832
1342217833
1342217839
1342217840
1342217841
1342217842
1342217843
1342217844
1342217845
1342217846
1342217847
1342217848
1342217849
1342217850
1342217851
1342217852
1342217853
1342217854
1342217855
1342217856
1342217857
1342217858
1342217859
1342217860
1342217861
1342217908
1342217910
1342217911
1342217912
1342217913
1342217914
1342217915
1342217916
1342217917
1342217918
1342217919
1342217920
1342217921
1342217922
1342217923
1342217924
1342217925
1342217926
1342217927
1342217928
1342217929
1342217930
1342217931
1342217932
1342217933
1342217934
1342217935
1342217936
1342217937
1342217938
1342217939
1342217940
1342217941
1342217942
1342217943
1342217944
1342217945
1342218036
1342218037
1342218038
1342218039
1342218040
1342218185
1342218186
1342218187
1342218488
1342218489
1342218490
1342218567
1342218568
1342218569
1342218570
1342218571
1342218572
1342218619
1342218620
1342218752
1342218753
1342218754
1342218755
1342218756
1342218757
1342218758
1342218759
1342218760
1342218761
1342218762
1342218763
1342219433
1342219434
1342219435
1342219436
1342219437
1342219438
1342219439
1342219440
1342219441
1342219442
1342219443
1342219444
1342219445
1342219851
1342219852
1342219853
1342220136
1342220137
1342220138
1342220139
1342220140
1342220141
1342220317
1342220318
1342220319
1342220320
1342220321
1342220595
1342220596
1342220597
1342220598
1342220599
1342220600
1342220601
1342220602
1342220603
1342220604
1342220605
1342220606
1342220607
1342220740
1342220741
1342220742
1342220743
1342220744
1342220745
1342220746
1342220747
1342220748
1342220749
1342220750
1342220751
1342220752
1342220753
1342220754
1342220755
1342220920
1342220921
1342220922
1342220926
1342220927
1342220928
1342220929
1342220930
1342220931
1342220932
1342220973
1342220974
1342220975
1342220976
1342220977
1342220978
1342220979
1342220980
1342220981
1342220982
1342221357
1342221358
1342221362
1342221363
1342221364
1342221379
1342221380
1342221382
1342221383
1342221384
1342221385
1342221386
1342221387
1342221388
1342221389
1342221390
1342221391
1342221392
1342221393
1342221394
1342221611
1342221612
1342221613
1342221614
1342221615
1342221616
1342221617
1342221618
1342221619
1342221620
1342221621
1342221622
1342221623
1342221624
1342221625
1342221626
1342221627
1342221628
1342221629
1342221630
1342221631
1342221632
1342221882
1342221883
1342221887
1342221888
1342221889
1342221890
1342221891
1342221892
1342221893
1342221894
1342221895
1342221971
1342221972
1342221973
1342221974
1342221975
1342221976
1342221977
1342221978
1342221979
1342221980
1342221981
1342221982
1342221983
1342222063
1342222064
1342222065
1342222067
1342222068
1342222069
1342222070
1342222071
1342222072
1342222073
1342222074
1342222075
1342222076
1342222077
1342222078
1342222079
1342222080
1342222081
1342222082
1342222083
1342222084
1342222085
1342222086
1342222087
1342222088
1342222089
1342222090
1342222091
1342222092
1342222093
1342222094
1342222095
1342222096
1342222097
1342222099
1342222100
1342222101
1342222102
1342222163
1342222166
1342222169
1342222170
1342222171
1342222172
1342222173
1342222174
1342222175
1342222176
1342222177
1342222178
1342222179
1342222180
1342222181
1342222182
1342222183
1342222184
1342222185
1342222186
1342222189
1342222190
1342222191
1342222192
1342222193
1342222194
1342222195
1342222196
1342222197
1342222198
1342222199
1342222200
1342222201
1342222202
1342222203
1342222204
1342222205
1342222206
1342222207
1342222208
1342222209
1342222212
1342222213
1342222214
1342222215
1342222216
1342222217
1342222218
1342222219
1342222220
1342222221
1342222222
1342222223
1342222224
1342222225
1342222226
1342222227
1342222228
1342222229
1342222230
1342222231
1342222234
1342222235
1342222236
1342222238
1342222239
1342222240
1342222241
1342222245
1342222246
1342222247
1342222248
1342222249
1342222250
1342222251
1342222252
1342222253
1342222254
1342222255
1342222256
1342222257
1342222258
1342222259
1342222574
1342222575
1342222576
1342222577
1342222578
1342222579
1342222580
1342222581
1342222764
1342222765
1342222766
1342222767
1342222768
1342222769
1342222770
1342223101
1342223102
1342223103
1342223104
1342223105
1342223106
1342223107
1342223108
1342223109
1342223110
1342223111
1342223112
1342223113
1342223114
1342223115
1342223116
1342223117
1342223118
1342223119
1342223122
1342223123
1342223124
1342223125
1342223126
1342223127
1342223128
1342223129
1342223130
1342223131
1342223132
1342223133
1342223134
1342223135
1342223138
1342223139
1342223140
1342223141
1342223142
1342223143
1342223144
1342223145
1342223146
1342223147
1342223148
1342223149
1342223150
1342223151
1342223152
1342223153
1342223154
1342223155
1342223156
1342223157
1342223161
1342223162
1342223201
1342223202
1342223203
1342223204
1342223205
1342223206
1342223353
1342223354
1342223355
1342223356
1342223357
1342223358
1342223359
1342223360
1342223361
1342223362
1342223365
1342223366
1342223367
1342223369
1342223370
1342223371
1342223372
1342223373
1342223374
1342223375
1342223376
1342223377
1342223378
1342223379
1342223380
1342223381
1342223382
1342223383
1342223384
1342223385
1342223386
1342223387
1342223388
1342223389
1342223390
1342223391
1342223392
1342223393
1342223394
1342223395
1342223396
1342223397
1342223398
1342223399
1342223400
1342223403
1342223404
1342223711
1342223712
1342223713
1342223714
1342223715
1342223716
1342223717
1342223718
1342223719
1342223720
1342223721
1342223722
1342223723
1342223724
1342223725
1342223728
1342223729
1342223730
1342223731
1342223732
1342223733
1342223734
1342223735
1342223736
1342223740
1342223741
1342223742
1342223743
1342223744
1342223745
1342223746
1342223747
1342223748
1342223749
1342223750
1342223753
1342223754
1342223755
1342223756
1342223758
1342223759
1342223760
1342223761
1342223762
1342223763
1342223764
1342223765
1342223766
1342223767
1342223770
1342223771
1342223773
1342223774
1342223775
1342223776
1342223777
1342223778
1342223779
1342223780
1342223781
1342223782
1342223783
1342223784
1342223785
1342223786
1342223787
1342223788
1342223789
1342223790
1342223791
1342223792
1342223801
1342223802
1342223803
1342223804
1342223805
1342223806
1342223807
1342223808
1342223809
1342223810
1342223811
1342223812
1342223813
1342223814
1342223815
1342223816
1342223817
1342223818
1342223819
1342223820
1342223821
1342223822
1342223990
1342223991
1342223992
1342223993
1342223994
1342223995
1342223996
1342223997
1342223998
1342223999
1342224000
1342224001
1342224002
1342224003
1342224004
1342224005
1342224006
1342224007
1342224008
1342224009
1342224010
1342224011
1342224012
1342224013
1342224014
1342224237
1342224238
1342224239
1342224240
1342224241
1342224242
1342224243
1342224244
1342224394
1342224395
1342224396
1342224397
1342224398
1342224399
1342224400
1342224401
1342224402
1342224403
1342224404
1342224405
1342224859
1342224860
1342224861
1342224862
1342224863
1342224864
1342224865
1342224866
1342224867
1342224868
1342224869
1342224870
1342224871
1342224872
1342225137
1342225138
1342225139
1342225140
1342225141
1342225142
1342225143
1342225144
1342225145
1342225146
1342225147
1342225148
1342225152
1342225153
1342225154
1342225155
1342225156
1342225157
1342225158
1342225159
1342225160
1342225161
1342225162
1342225163
1342225164
1342225165
1342225166
1342225167
1342225168
1342225169
1342225170
1342225171
1342225172
1342225173
1342225174
1342225175
1342225176
1342225177
1342225178
1342225221
1342225222
1342225223
1342225224
1342225225
1342225226
1342225227
1342225560
1342225561
1342225562
1342225563
1342225564
1342225565
1342225569
1342225570
1342225571
1342225572
1342225573
1342225574
1342225575
1342225576
1342225577
1342225578
1342225579
1342225580
1342225581
1342225582
1342225583
1342225584
1342225585
1342225586
1342225587
1342225588
1342225589
1342225590
1342225591
1342225714
1342225715
1342225716
1342225717
1342225718
1342225719
1342225720
1342225721
1342225722
1342225723
1342225724
1342225728
1342225729
1342225730
1342225731
1342225732
1342225733
1342225734
1342225735
1342225736
1342225737
1342225738
1342225739
1342225742
1342225743
1342225744
1342225745
1342225746
1342225747
1342225748
1342225749
1342225750
1342225751
1342225752
1342225753
1342225754
1342225755
1342225756
1342225757
1342225758
1342225759
1342225760
1342225761
1342225762
1342225763
1342225788
1342225789
1342225790
1342225791
1342225792
1342225793
1342225794
1342225795
1342225796
1342225797
1342225798
1342225799
1342225800
1342225801
1342225802
1342225803
1342225804
1342225805
1342225806
1342225807
1342225810
1342225811
1342225812
1342225813
1342225814
1342225815
1342225816
1342225817
1342225818
1342225819
1342225820
1342225821
1342225822
1342225823
1342225824
1342225825
1342225826
1342225827
1342225828
1342225829
1342225830
1342225831
1342225832
1342225833
1342225834
1342225835
1342225836
1342225837
1342225838
1342225839
1342225840
1342225841
1342225842
1342225845
1342225847
1342225849
1342225850
1342225851
1342225852
1342225853
1342225854
1342225855
1342225856
1342225857
1342225986
1342225987
1342225988
1342225989
1342225990
1342225992
1342225993
1342225994
1342225995
1342225996
1342225997
1342225998
1342225999
1342226000
1342226001
1342226002
1342226003
1342226004
1342226005
1342226006
1342226007
1342226008
1342226009
1342226010
1342226186
1342226187
1342226188
1342226189
1342226190
1342226191
1342226192
1342226193
1342226194
1342226195
1342226196
1342226197
1342226198
1342226199
1342226200
1342226201
1342226202
1342226203
1342226204
1342226205
1342226206
1342226207
1342226208
1342226209
1342226210
1342226211
1342226212
1342226213
1342226748
1342226749
1342226750
1342226751
1342226752
1342226753
1342226754
1342226755
1342226756
1342226757
1342226758
1342226873
1342226874
1342226876
1342226877
1342226878
1342226879
1342226880
1342226881
1342226882
1342226883
1342226884
1342226885
1342226886
1342226887
1342226888
1342226889
1342226890
1342226891
1342226892
1342226893
1342226894
1342226895
1342226896
1342226897
1342226898
1342226899
1342226900
1342226901
1342226902
1342227068
1342227069
1342227070
1342227071
1342227072
1342227204
1342227205
1342227206
1342227207
1342227208
1342227209
1342227210
1342227214
1342227215
1342227216
1342227334
1342227335
1342227336
1342227337
1342227338
1342227339
1342227340
1342227341
1342227342
1342227343
1342227344
1342227345
1342227346
1342227347
1342227348
1342227466
1342227610
1342227611
1342227612
1342227613
1342227614
1342227615
1342227616
1342227617
1342227618
1342227619
1342227620
1342227621
1342227622
1342227623
1342227624
1342227628
1342227629
1342227630
1342227631
1342227632
1342227633
1342227634
1342227635
1342227636
1342227637
1342227638
1342227639
1342227753
1342227754
1342227755
1342227756
1342227757
1342227758
1342227759
1342227760
1342227761
1342227762
1342227763
1342227764
1342227765
1342227766
1342227767
1342227768
1342227769
1342227770
1342227771
1342227772
1342227773
1342227774
1342227775
1342227799
1342227800
1342228179
1342228180
1342228181
1342228182
1342228183
1342228184
1342228185
1342228186
1342228187
1342228188
1342228191
1342228192
1342228193
1342228194
1342228195
1342228196
1342228197
1342228198
1342228199
1342228200
1342228201
1342228202
1342228203
1342228204
1342228205
1342228206
1342228207
1342228208
1342228209
1342228210
1342228234
1342228235
1342228236
1342228237
1342228238
1342228239
1342228240
1342228241
1342228242
1342228243
1342228244
1342228245
1342228246
1342228247
1342228248
1342228249
1342228250
1342228251
1342228252
1342228253
1342228414
1342228415
1342228416
1342228417
1342228418
1342228419
1342228420
1342228453
1342228454
1342228455
1342228456
1342228457
1342228458
1342228459
1342228460
1342228461
1342228462
1342228463
1342228464
1342228465
1342228466
1342228467
1342228468
1342228472
1342228473
1342228474
1342228475
1342228501
1342228502
1342228503
1342228504
1342228505
1342228506
1342228507
1342228508
1342228509
1342228510
1342228511
1342228512
1342228513
1342228514
1342228515
1342228516
1342228517
1342228518
1342228519
1342228520
1342228521
1342228524
1342228525
1342228527
1342228528
1342228529
1342228530
1342228531
1342228532
1342228533
1342228534
1342228535
1342228536
1342228537
1342228538
1342229089
1342229090
1342229091
1342229092
1342229093
1342229684
1342229685
1342229686
1342229687
1342229688
1342229689
1342229690
1342229691
1342229692
1342229693
1342229694
1342229695
1342229696
1342229697
1342229698
1342229699
1342229700
1342229701
1342229702
1342229703
1342229704
1342229705
1342229706
1342229707
1342229708
1342229709
1342229710
1342229711
1342229714
1342229715
1342229716
1342229717
1342229718
1342229719
1342229720
1342229721
1342229722
1342229723
1342229724
1342229725
1342229726
1342229727
1342229728
1342229729
1342229730
1342229731
1342229732
1342229733
1342229734
1342229737
1342229738
1342229739
1342229740
1342229741
1342229742
1342229743
1342229744
1342229745
1342229746
1342229747
1342229748
1342229749
1342229750
1342229751
1342229752
1342229792
1342229793
1342229794
1342229795
1342229796
1342229797
1342229798
1342229799
1342229800
1342229801
1342229802
1342229803
1342229804
1342229805
1342229806
1342229807
1342229808
1342229809
1342229810
1342229811
1342229812
1342229813
1342229816
1342229821
1342229822
1342229823
1342229824
1342229825
1342229826
1342229827
1342229828
1342229829
1342229830
1342229831
1342229832
1342229833
1342229835
1342230074
1342230075
1342230076
1342230077
1342230078
1342230079
1342230080
1342230081
1342230082
1342230126
1342230127
1342230129
1342230130
1342230132
1342230133
1342230134
1342230135
1342230139
1342230140
1342230141
1342230142
1342230143
1342230144
1342230145
1342230146
1342230147
1342230148
1342230149
1342230150
1342230151
1342230890
1342230891
1342230892
1342230893
1342230894
1342230895
1342230896
1342230897
1342230898
1342230899
1342230900
1342230901
1342230902
1342230903
1342230904
1342230905
1342230906
1342230907
1342230908
1342230909
1342230910
1342230911
1342230932
1342230933
1342230935
1342230936
1342230937
1342230938
1342230939
1342230940
1342230941
1342230942
1342230943
1342230944
1342230945
1342230946
1342230947
1342230950
1342230951
1342230952
1342230953
1342230954
1342230955
1342230956
1342230957
1342230958
1342230959
1342230960
1342230961
1342230962
1342230963
1342230964
1342230965
1342230966
1342230967
1342230994
1342230995
1342230996
1342230997
1342230998
1342230999
1342231000
1342231001
1342231002
1342231003
1342231004
1342231008
1342231009
1342231272
1342231273
1342231274
1342231275
1342231276
1342231277
1342231278
1342231279
1342231280
1342231281
1342231282
1342231283
1342231284
1342231285
1342231286
1342231287
1342231288
1342231291
1342231292
1342231293
1342231294
1342231295
1342231296
1342231297
1342231298
1342231299
1342231300
1342231301
1342231302
1342231303
1342231304
1342231305
1342231306
1342231307
1342231308
1342231309
1342231310
1342231313
1342231314
1342231315
1342231316
1342231317
1342231318
1342231319
1342231320
1342231321
1342231322
1342231323
1342231413
1342231414
1342231415
1342231416
1342231417
1342231418
1342231419
1342231420
1342231421
1342231422
1342231426
1342231427
1342231428
1342231429
1342231697
1342231698
1342231699
1342231700
1342231701
1342231702
1342231703
1342231704
1342231705
1342231706
1342231707
1342231708
1342231709
1342231710
1342231713
1342231714
1342231715
1342231716
1342231717
1342231718
1342231719
1342231720
1342231721
1342231722
1342231723
1342231724
1342231725
1342231726
1342231729
1342231730
1342231731
1342231732
1342231734
1342231735
1342231736
1342231738
1342231739
1342231740
1342231741
1342231742
1342231743
1342231744
1342231745
1342231746
1342231747
1342231748
1342231749
1342231750
1342231751
1342231752
1342231753
1342231754
1342231755
1342231756
1342231757
1342231758
1342231759
1342231954
1342231955
1342231956
1342231957
1342231958
1342231959
1342231960
1342231961
1342231962
1342231963
1342232253
1342232254
1342232255
1342232256
1342232257
1342232258
1342232259
1342232265
1342232266
1342232267
1342232268
1342232269
1342232270
1342232271
1342232272
1342232273
1342232274
1342232275
1342232276
1342232277
1342232278
1342232279
1342232282
1342232283
1342232284
1342232285
1342232286
1342232287
1342232288
1342232289
1342232290
1342232291
1342232292
1342232293
1342232294
1342232295
1342232296
1342232297
1342232298
1342232299
1342232300
1342232301
1342232302
1342232303
1342232306
1342232307
1342232309
1342232310
1342232311
1342232312
1342232313
1342232314
1342232315
1342232316
1342232317
1342232330
1342232331
1342232531
1342232532
1342232533
1342232534
1342232535
1342232536
1342232537
1342232538
1342232539
1342232540
1342232541
1342232542
1342232543
1342232544
1342232545
1342232546
1342232547
1342232548
1342232549
1342232550
1342232551
1342232552
1342232553
1342232554
1342232555
1342232561
1342232562
1342232563
1342232564
1342232565
1342232566
1342232567
1342232568
1342232569
1342232570
1342232571
1342232574
1342232575
1342232576
1342232577
1342232578
1342232579
1342232580
1342232581
1342232582
1342232583
1342232584
1342232585
1342232586
1342232587
1342232588
1342232589
1342232590
1342232593
1342232595
1342232596
1342232597
1342232598
1342232599
1342232601
1342232602
1342232603
1342232604
1342232605
1342232606
1342232607
1342232608
1342232609
1342232610
1342232611
1342232612
1342232613
1342232614
1342232615
1342232616
1342233261
1342233262
1342233263
1342233264
1342233265
1342233266
1342233267
1342233268
1342233269
1342233445
1342233446
1342233447
1342233448
1342233449
1342233469
1342233470
1342233471
1342233472
1342233473
1342233474
1342233475
1342233476
1342233477
1342233478
1342233479
1342233480
1342233481
1342233482
1342233696
1342233697
1342233698
1342233699
1342233700
1342233701
1342233702
1342233703
1342233704
1342233705
1342233706
1342233707
1342233708
1342233709
1342233710
1342233711
1342233712
1342233713
1342233716
1342233717
1342233722
1342233723
1342233724
1342233725
1342233726
1342233727
1342233728
1342233841
1342233842
1342233843
1342234051
1342234053
1342234055
1342234056
1342234057
1342234058
1342234059
1342234060
1342234061
1342234062
1342234063
1342234064
1342234065
1342234066
1342234259
1342234260
1342234261
1342234262
1342234263
1342234264
1342234265
1342234266
1342234267
1342234268
1342234269
1342234475
1342234476
1342234477
1342234478
1342234479
1342234480
1342234481
1342234482
1342234483
1342234484
1342234485
1342234486
1342234487
1342234488
1342234489
1342234490
1342234491
1342234492
1342234936
1342234937
1342234938
1342234939
1342234940
1342234941
1342234942
1342234943
1342234944
1342234945
1342234946
1342234947
1342234948
1342234949
1342234950
1342234951
1342234952
1342234953
1342234954
1342234955
1342234956
1342234957
1342234958
1342234959
1342234960
1342234961
1342234962
1342234963
1342234964
1342234965
1342234986
1342234987
1342234988
1342234990
1342234991
1342234992
1342234993
1342234994
1342234995
1342234996
1342234997
1342234998
1342234999
1342235637
1342235638
1342235639
1342235640
1342235641
1342235642
1342235643
1342235644
1342235645
1342235646
1342235647
1342235648
1342235649
1342235650
1342235651
1342235652
1342235653
1342235654
1342235655
1342235656
1342235657
1342235658
1342235659
1342235672
1342235673
1342235674
1342235675
1342235676
1342235677
1342235678
1342235679
1342235680
1342235684
1342235685
1342235686
1342235687
1342235688
1342235689
1342235690
1342235691
1342235692
1342235693
1342235696
1342235697
1342235699
1342235700
1342235701
1342235702
1342235703
1342235704
1342235705
1342235706
1342235707
1342235708
1342235709
1342235710
1342235711
1342235751
1342235752
1342235840
1342235841
1342235842
1342235843
1342235844
1342235845
1342235846
1342235847
1342235848
1342235849
1342235850
1342235851
1342235852
1342235853
1342235854
1342235855
1342235856
1342236270
1342236271
1342236272
1342236273
1342236274
1342236275
1342236276
1342236277
1342236278
1342236279
1342236282
1342236283
1342236284
1342236285
1342236286
1342236287
1342236288
1342236289
1342236293
1342236873
1342236874
1342236875
1342236876
1342236877
1342236878
1342236879
1342236880
1342236881
1342236882
1342236883
1342236884
1342236885
1342236886
1342236887
1342236973
1342236974
1342236975
1342236976
1342236977
1342236978
1342236979
1342236980
1342236981
1342236982
1342236983
1342236984
1342236985
1342236986
1342236987
1342237475
1342237476
1342237477
1342237478
1342237479
1342237480
1342237481
1342237482
1342237483
1342237487
1342237488
1342237489
1342237490
1342237491
1342237569
1342237570
1342237571
1342237572
1342237573
1342237574
1342237575
1342237576
1342237577
1342237578
1342237579
1342237580
1342237581
1342237582
1342237583
1342237584
1342237588
1342237590
1342237591
1342237592
1342237593
1342237594
1342237595
1342237596
1342237597
1342237598
1342237599
1342237601
1342237602
1342237603
1342237604
1342237605
1342238129
1342238130
1342238131
1342238132
1342238133
1342238134
1342238135
1342238136
1342238137
1342238138
1342238141
1342238142
1342238143
1342238144
1342238145
1342238146
1342238148
1342238152
1342238153
1342238154
1342238155
1342238156
1342238157
1342238158
1342238159
1342238160
1342238161
1342238162
1342238163
1342238164
1342238165
1342238166
1342238169
1342238170
1342238171
1342238350
1342238351
1342238352
1342238353
1342238354
1342238355
1342238356
1342238357
1342238358
1342238359
1342238360
1342238361
1342238362
1342238363
1342238364
1342238371
1342238372
1342238373
1342238374
1342238375
1342238376
1342238377
1342238378
1342238379
1342238380
1342238381
1342238384
1342238385
1342238386
1342238387
1342238388
1342238389
1342238390
1342238391
1342238392
1342238393
1342238412
1342238414
1342238415
1342238416
1342238420
1342238421
1342238422
1342238423
1342238424
1342238425
1342238426
1342238514
1342238556
1342238557
1342238558
1342238559
1342238560
1342238561
1342238600
1342238601
1342238602
1342238603
1342238636
1342238637
1342238638
1342238722
1342238723
1342238724
1342238725
1342238726
1342238727
1342238728
1342238729
1342238730
1342238731
1342238732
1342238902
1342238903
1342238904
1342238905
1342238906
1342238907
1342238908
1342238909
1342238910
1342238911
1342238915
1342238916
1342238919
1342238920
1342238921
1342238922
1342238923
1342238924
1342238925
1342238926
1342238927
1342238928
1342238929
1342238930
1342238931
1342238932
1342238933
1342238934
1342238935
1342238936
1342238937
1342238938
1342238939
1342238940
1342238941
1342238942
1342238943
1342238946
1342238947
1342238948
1342238949
1342238950
1342238951
1342238952
1342238953
1342238954
1342238955
1342238956
1342238957
1342238958
1342238959
1342238960
1342238961
1342238962
1342238963
1342238964
1342238965
1342238966
1342238967
1342238968
1342238969
1342239369
1342239370
1342239371
1342239372
1342239373
1342239374
1342239375
1342239376
1342239377
1342239381
1342239382
1342239383
1342239384
1342239385
1342239386
1342239387
1342239388
1342239472
1342239473
1342239474
1342239475
1342239476
1342239477
1342239478
1342239479
1342239480
1342239481
1342239482
1342239487
1342239488
1342239489
1342239490
1342239491
1342239492
1342239494
1342239495
1342239496
1342239497
1342239498
1342239499
1342239500
1342239501
1342239502
1342239503
1342239504
1342239505
1342239506
1342239507
1342239508
1342239509
1342239687
1342239688
1342239689
1342239690
1342239691
1342239692
1342239693
1342239694
1342239695
1342239696
1342239697
1342239698
1342239699
1342239700
1342239701
1342239702
1342239703
1342239704
1342239705
1342239710
1342239711
1342239712
1342239713
1342239714
1342239715
1342239716
1342239717
1342239718
1342239719
1342239720
1342239721
1342239722
1342239723
1342239724
1342239725
1342239726
1342239727
1342239728
1342239729
1342239730
1342239731
1342239732
1342239733
1342239734
1342239737
1342239738
1342239739
1342239740
1342239741
1342239742
1342239743
1342239744
1342239745
1342239746
1342239747
1342239748
1342239749
1342239750
1342239751
1342239752
1342239753
1342239756
1342239757
1342239761
1342239762
1342239763
1342239764
1342239765
1342239766
1342240148
1342240149
1342240150
1342240151
1342240152
1342240153
1342240154
1342240155
1342240156
1342240157
1342240158
1342240159
1342240160
1342240161
1342240162
1342240163
1342240164
1342240165
1342240166
1342240167
1342240168
1342240169
1342240763
1342240764
1342240765
1342240766
1342240767
1342240768
1342240769
1342240770
1342240774
1342240775
1342240776
1342240777
1342240778
1342241264
1342241265
1342241266
1342241267
1342241268
1342241269
1342241270
1342241478
1342241482
1342241483
1342241484
1342241485
1342241486
1342241487
1342241488
1342241489
1342241492
1342241493
1342241494
1342241495
1342241706
1342241707
1342241708
1342241709
1342241710
1342241844
1342241845
1342241846
1342241847
1342241848
1342241849
1342241850
1342241851
1342241852
1342242435
1342242436
1342242438
1342242439
1342242440
1342242441
1342242442
1342242443
1342242444
1342242445
1342242446
1342242447
1342242448
1342242449
1342242450
1342242451
1342242452
1342242453
1342242454
1342242455
1342242480
1342242631
1342242632
1342242633
1342242634
1342242806
1342242807
1342242808
1342243104
1342243105
1342243106
1342243107
1342243108
1342243109
1342243110
1342243501
1342243502
1342243503
1342243504
1342243505
1342243506
1342243507
1342243508
1342243510
1342243511
1342243512
1342243513
1342243514
1342243515
1342243516
1342243517
1342243518
1342243519
1342243520
1342243521
1342243522
1342243523
1342243524
1342243525
1342243526
1342243527
1342243528
1342243529
1342243530
1342243531
1342243532
1342243533
1342243534
1342243535
1342243536
1342243540
1342243541
1342243542
1342243543
1342243544
1342243545
1342243546
1342243547
1342243548
1342243549
1342243651
1342243652
1342243653
1342243654
1342243655
1342243656
1342243657
1342243658
1342243659
1342243660
1342243661
1342243662
1342243663
1342243691
1342243692
1342243693
1342243855
1342243856
1342243857
1342243858
1342243859
1342243860
1342243861
1342243862
1342243863
1342243867
1342243868
1342243869
1342243870
1342243888
1342243889
1342243891
1342243892
1342243893
1342243894
1342243895
1342243896
1342243897
1342243898
1342243899
1342243900
1342243901
1342244022
1342244023
1342244024
1342244025
1342244064
1342244065
1342244421
1342244422
1342244423
1342244424
1342244425
1342244426
1342244427
1342244428
1342244429
1342244430
1342244431
1342244432
1342244433
1342244434
1342244435
1342244436
1342244437
1342244438
1342244439
1342244440
1342244443
1342244444
1342244446
1342244447
1342244448
1342244449
1342244450
1342244454
1342244455
1342244456
1342244457
1342244458
1342244459
1342244460
1342244461
1342244462
1342244463
1342244464
1342244465
1342244466
1342244467
1342244468
1342244469
1342244470
1342244471
1342244908
1342244909
1342244910
1342244911
1342244912
1342244913
1342244914
1342244915
1342244916
1342244917
1342244918
1342244919
1342244920
1342244921
1342245219
1342245220
1342245221
1342245222
1342245223
1342245224
1342245225
1342245226
1342245227
1342245228
1342245229
1342245230
1342245231
1342245232
1342245235
1342245240
1342245241
1342245242
1342245243
1342245244
1342245245
1342245246
1342245247
1342245248
1342245249
1342245250
1342245251
1342245393
1342245394
1342245395
1342245396
1342245397
1342245398
1342245399
1342245400
1342245401
1342245402
1342245403
1342245404
1342245405
1342245444
1342245445
1342245446
1342245447
1342245448
1342245449
1342245450
1342245451
1342245453
1342245454
1342245455
1342245456
1342245457
1342245458
1342245459
1342245644
1342245645
1342245646
1342245647
1342245648
1342245649
1342245650
1342245651
1342245794
1342245795
1342245796
1342245797
1342245798
1342245799
1342245800
1342245801
1342245802
1342245803
1342245804
1342245805
1342245806
1342245807
1342245808
1342245809
1342245810
1342245811
1342245812
1342245813
1342245950
1342245951
1342245952
1342245953
1342245954
1342245955
1342245956
1342245957
1342245958
1342245959
1342245960
1342245961
1342245962
1342245963
1342245966
1342245968
1342245969
1342245970
1342245971
1342245972
1342245973
1342245974
1342245975
1342245976
1342245977
1342245978
1342245979
1342245980
1342245981
1342245985
1342245986
1342245987
1342246238
1342246239
1342246240
1342246241
1342246242
1342246243
1342246244
1342246245
1342246246
1342246381
1342246382
1342246384
1342246385
1342246386
1342246387
1342246388
1342246389
1342246390
1342246394
1342246395
1342246552
1342246553
1342246554
1342246555
1342246556
1342246557
1342246558
1342246559
1342246560
1342246561
1342246562
1342246563
1342246564
1342246565
1342246566
1342246567
1342246638
1342246639
1342246640
1342246641
1342246642
1342246643
1342246644
1342246645
1342246646
1342246647
1342246648
1342246649
1342246650
1342246651
1342246652
1342246653
1342246654
1342246655
1342246656
1342246657
1342246658
1342246659
1342246779
1342246780
1342246781
1342246782
1342246783
1342246784
1342246785
1342246786
1342246787
1342246788
1342246789
1342246790
1342246791
1342246792
1342246793
1342246794
1342246795
1342246796
1342246797
1342246798
1342246799
1342246800
1342246801
1342246961
1342246962
1342246963
1342246964
1342247002
1342247003
1342247005
1342247006
1342247007
1342247008
1342247009
1342247010
1342247011
1342247014
1342247131
1342247132
1342247133
1342247134
1342247135
1342247136
1342247137
1342247138
1342247139
1342247142
1342247143
1342247145
1342247146
1342247147
1342247148
1342247149
1342247150
1342247151
1342247152
1342247156
1342247159
1342247441
1342247442
1342247443
1342247444
1342247445
1342247446
1342247447
1342247448
1342247449
1342247450
1342247451
1342247454
1342247456
1342247457
1342247458
1342247459
1342247460
1342247461
1342247462
1342247463
1342247464
1342247465
1342247466
1342247467
1342247468
1342247469
1342247470
1342247473
1342247474
1342247475
1342247476
1342247508
1342247509
1342247510
1342247511
1342247512
1342247513
1342247532
1342247533
1342247534
1342247535
1342247536
1342247537
1342247538
1342247539
1342247543
1342247544
1342247545
1342247546
1342247547
1342247548
1342247549
1342247550
1342247710
1342247711
1342247712
1342247713
1342247714
1342247715
1342247716
1342247717
1342247718
1342247719
1342247720
1342247721
1342247722
1342247723
1342247726
1342247727
1342247728
1342247729
1342247730
1342247731
1342247732
1342247733
1342247734
1342247735
1342247736
1342247776
1342247777
1342247778
1342247779
1342247780
1342247781
1342247782
1342247783
1342247784
1342247785
1342247786
1342247787
1342247788
1342247789
1342247790
1342247791
1342247792
1342247793
1342247796
1342247801
1342247802
1342247803
1342247804
1342247805
1342247806
1342247807
1342247808
1342247809
1342247810
1342247811
1342247812
1342247813
1342247814
1342247815
1342247816
1342247817
1342247818
1342247819
1342247820
1342247821
1342247822
1342247825
1342248295
1342248296
1342248297
1342248298
1342248299
1342248300
1342248301
1342248302
1342248303
1342248304
1342248305
1342248306
1342248307
1342248308
1342248309
1342248310
1342248344
1342248345
1342248346
1342248347
1342248348
1342248349
1342248350
1342248351
1342248354
1342248356
1342248357
1342248358
1342248359
1342248360
1342248361
1342248365
1342248366
1342248367
1342248368
1342248369
1342248372
1342248506
1342248507
1342248508
1342248509
1342248535
1342248536
1342248537
1342248539
1342248540
1342248541
1342248542
1342248543
1342248544
1342248549
1342248550
1342248551
1342248552
1342248553
1342248554
1342248555
1342248556
1342248557
1342248558
1342248559
1342248560
1342248561
1342248562
1342248563
1342248672
1342248673
1342248674
1342248675
1342248676
1342248677
1342248681
1342248682
1342248683
1342248684
1342248685
1342248686
1342248687
1342248688
1342248689
1342248740
1342248741
1342248879
1342248880
1342248881
1342248928
1342248929
1342248930
1342248931
1342249197
1342249198
1342249199
1342249200
1342249201
1342249202
1342249203
1342249204
1342249208
1342249209
1342249210
1342249211
1342249212
1342249304
1342249305
1342249306
1342249307
1342249308
1342249309
1342249310
1342249311
1342249312
1342249313
1342249314
1342249315
1342249316
1342249317
1342249318
1342249384
1342249385
1342249386
1342249387
1342249388
1342249389
1342249390
1342249391
1342249392
1342249393
1342249495
1342249497
1342249498
1342249499
1342249500
1342249501
1342249502
1342249503
1342249504
1342249505
1342249506
1342249507
1342249508
1342249509
1342249510
1342249511
1342249512
1342249996
1342249997
1342249998
1342249999
1342250000
1342250001
1342250002
1342250003
1342250004
1342250005
1342250006
1342250007
1342250122
1342250126
1342250127
1342250128
1342250129
1342250130
1342250131
1342250303
1342250304
1342250305
1342250306
1342250307
1342250308
1342250309
1342250310
1342250311
1342250312
1342250313
1342250314
1342250315
1342250316
1342250317
1342250565
1342250566
1342250567
1342250568
1342250569
1342250571
1342250572
1342250573
1342250577
1342250578
1342250579
1342250580
1342250581
1342250582
1342250583
1342250584
1342250585
1342250586
1342250587
1342250883
1342250884
1342250885
1342250886
1342250887
1342250888
1342250889
1342250890
1342250891
1342250892
1342250893
1342250894
1342250895
1342250896
1342250897
1342250898
1342250899
1342250902
1342250903
1342250904
1342250905
1342250907
1342250908
1342250909
1342250910
1342250911
1342250912
1342250913
1342250914
1342250915
1342250916
1342250917
1342250918
1342250919
1342250920
1342250957
1342250958
1342250983
1342250984
1342250986
1342250987
1342250988
1342250989
1342250990
1342250991
1342250992
1342250993
1342250994
1342250995
1342250996
1342250997
1342250998
1342250999
1342251000
1342251003
1342251004
1342251033
1342251034
1342251035
1342251036
1342251093
1342251094
1342251095
1342251096
1342251172
1342251173
1342251174
1342251175
1342251176
1342251177
1342251178
1342251179
1342251203
1342251235
1342251343
1342251344
1342251345
1342251346
1342251347
1342251348
1342251350
1342251351
1342251352
1342251353
1342251354
1342251355
1342251356
1342251357
1342251358
1342251359
1342251360
1342251361
1342251362
1342251363
1342251364
1342251365
1342251366
1342251367
1342251368
1342251369
1342251370
1342251371
1342251372
1342251373
1342251374
1342251375
1342251376
1342251377
1342251378
1342251379
1342251380
1342251381
1342251382
1342251423
1342251514
1342251515
1342251516
1342251558
1342251594
1342251595
1342251596
1342251597
1342251598
1342252066
1342252067
1342252068
1342252069
1342252070
1342252071
1342252072
1342252073
1342252074
1342252075
1342252076
1342252077
1342252078
1342252079
1342252080
1342252081
1342252082
1342252083
1342252084
1342252085
1342252086
1342252087
1342252088
1342252089
1342252090
1342252091
1342252092
1342252093
1342252094
1342252095
1342252096
1342252102
1342252103
1342252155
1342252156
1342252157
1342252245
1342252246
1342252247
1342252248
1342252249
1342252250
1342252251
1342252252
1342252253
1342252254
1342252255
1342252256
1342252257
1342252258
1342252259
1342252260
1342252261
1342252262
1342252263
1342252264
1342252265
1342252266
1342252267
1342252268
1342252269
1342252270
1342252271
1342252272
1342252273
1342252274
1342252275
1342252276
1342252277
1342252278
1342252279
1342252280
1342252325
1342252326
1342252327
1342252328
1342252329
1342252330
1342252331
1342252332
1342252333
1342252334
1342252335
1342252336
1342252337
1342252338
1342252339
1342252340
1342252341
1342252342
1342252343
1342252344
1342252345
1342252346
1342252347
1342252348
1342252349
1342252350
1342252351
1342252352
1342252353
1342252354
1342252355
1342252356
1342252357
1342252358
1342252359
1342252360
1342252361
1342252362
1342252363
1342252364
1342252365
1342252366
1342253116
1342253117
1342253118
1342253119
1342253356
1342253357
1342253358
1342253359
1342253360
1342253361
1342253362
1342253363
1342253364
1342253365
1342253366
1342253367
1342253368
1342253369
1342253370
1342253371
1342253530
1342253531
1342253532
1342253533
1342253534
1342253535
1342253536
1342253537
1342253538
1342253539
1342253540
1342253541
1342253585
1342253586
1342253587
1342253600
1342253677
1342253678
1342253679
1342253680
1342253721
1342253722
1342253723
1342253724
1342253725
1342253726
1342253727
1342253731
1342253732
1342253733
1342253734
1342253735
1342253736
1342253737
1342253738
1342253739
1342253740
1342253741
1342253742
1342253743
1342253744
1342253745
1342253746
1342253747
1342253748
1342253749
1342253750
1342253751
1342253754
1342253755
1342253756
1342253757
1342253758
1342253759
1342253760
1342253761
1342253764
1342253766
1342253767
1342253768
1342253769
1342253770
1342253771
1342253772
1342253775
1342253776
1342254214
1342254215
1342254216
1342254217
1342254218
1342254219
1342254220
1342254221
1342254222
1342254223
1342254224
1342254225
1342254226
1342254227
1342254228
1342254229
1342254230
1342254231
1342254232
1342254233
1342254239
1342254240
1342254241
1342254242
1342254243
1342254244
1342254245
1342254246
1342254247
1342254248
1342254249
1342254250
1342254251
1342254252
1342254253
1342254254
1342254255
1342254256
1342254257
1342254258
1342254259
1342254260
1342254261
1342254262
1342254263
1342254264
1342254265
1342254266
1342254267
1342254268
1342254269
1342254270
1342254271
1342254272
1342254273
1342254274
1342254275
1342254278
1342254280
1342254281
1342254282
1342254283
1342254284
1342254285
1342254286
1342254287
1342254288
1342254289
1342254290
1342254291
1342254292
1342254293
1342254294
1342254295
1342254296
1342254297
1342254298
1342254299
1342254300
1342254303
1342254304
1342254305
1342254306
1342254402
1342254606
1342254607
1342254608
1342254609
1342254610
1342254611
1342254612
1342254613
1342254614
1342254615
1342254616
1342254617
1342254618
1342254619
1342254620
1342254621
1342254622
1342254762
1342254763
1342254764
1342254765
1342254766
1342254767
1342254768
1342254769
1342254770
1342254771
1342254772
1342254913
1342254914
1342254927
1342254928
1342254929
1342254930
1342254931
1342254932
1342254933
1342254934
1342254935
1342254936
1342254937
1342254938
1342254939
1342254940
1342254943
1342254946
1342254947
1342254948
1342254949
1342254950
1342254951
1342254952
1342254953
1342254954
1342254955
1342254956
1342254957
1342254958
1342254959
1342254960
1342254961
1342254962
1342254963
1342254964
1342255716
1342255717
1342255718
1342255719
1342255720
1342255721
1342255722
1342255723
1342255724
1342255725
1342255726
1342255727
1342255728
1342255729
1342255730
1342255731
1342255732
1342255733
1342255734
1342255740
1342255741
1342255742
1342256241
1342256242
1342256243
1342256244
1342256245
1342256246
1342256247
1342256248
1342256249
1342256250
1342256251
1342256254
1342256255
1342256256
1342256260
1342256261
1342256262
1342256476
1342256477
1342256478
1342256479
1342256480
1342256481
1342256482
1342256761
1342256762
1342256763
1342256764
1342256766
1342256767
1342256768
1342256769
1342256770
1342256771
1342256772
1342256773
1342256774
1342256775
1342256776
1342256777
1342256778
1342256779
1342256780
1342256781
1342256782
1342256783
1342256784
1342256785
1342256907
1342256925
1342256926
1342256927
1342256928
1342256932
1342256933
1342256934
1342256935
1342256936
1342256937
1342256940
1342256941
1342256943
1342256944
1342256945
1342256946
1342256947
1342256948
1342256949
1342256950
1342257200
1342257201
1342257202
1342257203
1342257204
1342257205
1342257206
1342257207
1342257208
1342257209
1342257210
1342257211
1342257212
1342257213
1342257214
1342257215
1342257216
1342257217
1342257218
1342257219
1342257220
1342257221
1342257222
1342257241
1342257242
1342257243
1342257244
1342257245
1342257246
1342257247
1342257248
1342257249
1342257250
1342257251
1342257252
1342257253
1342257256
1342257273
1342257274
1342257275
1342257276
1342257277
1342257278
1342257279
1342257280
1342257281
1342257282
1342257283
1342257284
1342257285
1342257286
1342257287
1342257288
1342257289
1342257290
1342257291
1342257292
1342257293
1342257294
1342257629
1342257630
1342257631
1342257632
1342257633
1342257634
1342257635
1342257636
1342257679
1342257680
1342257681
1342257682
1342257684
1342257685
1342257686
1342257687
1342257688
1342257689
1342257690
1342257691
1342257692
1342257693
1342257694
1342257695
1342257793
1342257797
1342257798
1342257799
1342257800
1342257801
1342258091
1342258092
1342258093
1342258094
1342258095
1342258096
1342258097
1342258098
1342258099
1342258100
1342258101
1342258102
1342258103
1342258842
1342258843
1342258844
1342258845
1342258846
1342258847
1342258848
1342258849
1342258850
1342258851
1342258852
1342258853
1342258854
1342259560
1342259561
1342259562
1342259603
1342259604
1342259605
1342259606
1342259608
1342259612
1342259613
1342259614
1342259615
1342259616
1342259617
1342259618
1342259619
1342259620
1342259621
1342259622
1342259623
1342259624
1342261466
1342261467
1342261468
1342261469
1342261470
1342261471
1342261472
1342261473
1342261474
1342261475
1342261476
1342261477
1342261478
1342261999
1342262000
1342262001
1342262002
1342262003
1342262004
1342262005
1342262006
1342262010
1342262011
1342262012
1342262013
1342262014
1342262015
1342262016
1342262017
1342262018
1342262021
1342262023
1342262024
1342262025
1342262026
1342262027
1342262028
1342262029
1342262030
1342262033
1342262034
1342262035
1342262036
1342262037
1342262038
1342262039
1342262040
1342262041
1342262042
1342262043
1342262044
1342262045
1342262046
1342262047
1342262048
1342262049
1342262050
1342262524
1342262525
1342262526
1342262527
1342262528
1342262529
1342262530
1342262531
1342262532
1342262533
1342262534
1342262535
1342262536
1342262537
1342262538
1342262539
1342262540
1342262541
1342262542
1342262543
1342262544
1342262545
1342262548
1342262658
1342262659
1342262660
1342262769
1342262936
1342262939
1342262940
1342262941
1342262945
1342262946
1342262947
1342262948
1342262949
1342262950
1342262951
1342262952
1342262953
1342262954
1342262955
1342262956
1342262957
1342262958
1342262959
1342262960
1342262961
1342262962
1342262963
1342262964
1342262965
1342262966
1342262967
1342262968
1342262969
1342262970
1342262971
1342262972
1342262973
1342262974
1342262975
1342262976
1342262977
1342262978
1342262979
1342262980
1342262981
1342262982
1342262983
1342262984
1342262985
1342262986
1342262987
1342262988
1342262989
1342262990
1342262991
1342262992
1342262993
1342262994
1342262995
1342262996
1342262997
1342262998
1342262999
1342263000
1342263452
1342263453
1342263454
1342263455
1342263456
1342263457
1342263458
1342263459
1342263460
1342263461
1342263462
1342263463
1342263464
1342263465
1342263466
1342263467
1342263468
1342263469
1342263470
1342263471
1342263472
1342263473
1342263474
1342263477
1342263478
1342263479
1342263480
1342263481
1342263482
1342263483
1342263484
1342263485
1342263486
1342263487
1342263488
1342263489
1342263492
1342263494
1342263495
1342263496
1342263500
1342263501
1342263502
1342263503
1342263504
1342263505
1342263506
1342263507
1342263508
1342263509
1342263510
1342263511
1342263512
1342263513
1342263514
1342263515
1342263516
1342263517
1342263929
1342263930
1342263931
1342263932
1342263933
1342263934
1342263935
1342263936
1342263937
1342263938
1342263939
1342263940
1342263941
1342263942
1342263943
1342263944
1342264182
1342264183
1342264184
1342264185
1342264186
1342264190
1342264191
1342264192
1342264193
1342264194
1342264195
1342264196
1342264197
1342264198
1342264199
1342264200
1342264201
1342264202
1342264203
1342264204
1342264205
1342264206
1342264207
1342264208
1342264209
1342264210
1342264211
1342264212
1342264213
1342264214
1342264215
1342264216
1342264217
1342264218
1342264219
1342264220
1342264221
1342264222
1342264223
1342264224
1342264225
1342264226
1342264227
1342264228
1342264229
1342264230
1342264231
1342264232
1342264235
1342264236
1342264237
1342264238
1342264239
1342264240
1342264241
1342264242
1342264243
1342264244
1342264245
1342264246
1342264247
1342264248
1342264249
1342264250
1342264251
1342264252
1342264253
1342264254
1342264255
1342265444
1342265445
1342265446
1342265447
1342265448
1342265449
1342265450
1342265451
1342265452
1342265453
1342265454
1342265455
1342265456
1342265457
1342265458
1342265459
1342265460
1342265461
1342265462
1342265463
1342265464
1342265465
1342265466
1342265467
1342265468
1342265469
1342265470
1342265670
1342265671
1342265672
1342265673
1342265674
1342265675
1342265676
1342265677
1342265678
1342265679
1342265680
1342265681
1342265682
1342265683
1342265684
1342265685
1342265686
1342265687
1342265688
1342265689
1342265690
1342265691
1342265692
1342265693
1342265694
1342265695
1342265697
1342265698
1342265699
1342265700
1342265701
1342265702
1342265703
1342265704
1342265705
1342265706
1342265707
1342265708
1342265709
1342265710
1342265711
1342265712
1342265729
1342265730
1342265731
1342265732
1342265921
1342265922
1342265923
1342265924
1342265925
1342265927
1342265928
1342265929
1342265930
1342265931
1342265932
1342265933
1342265934
1342265935
1342265936
1342265937
1342265938
1342265939
1342265940
1342265941
1342265942
1342265943
1342265944
1342265945
1342265946
1342265947
1342265948
1342265949
1342265950
1342265951
1342265952
1342265956
1342266921
1342266922
1342266923
1342266924
1342266925
1342266926
1342266945
1342266946
1342266947
1342266964
1342266965
1342266966
1342266967
1342266968
1342266969
1342266970
1342266971
1342266972
1342266973
1342266974
1342266975
1342266976
1342266977
1342266978
1342266979
1342266980
1342266981
1342266982
1342266983
1342267175
1342267176
1342267177
1342267178
1342267179
1342267180
1342267181
1342267182
1342267183
1342267184
1342267185
1342267186
1342267607
1342267608
1342267609
1342267610
1342267611
1342267612
1342267613
1342267614
1342267615
1342267616
1342267617
1342267618
1342267619
1342267620
1342267621
1342267622
1342267626
1342267835
1342267836
1342267837
1342267838
1342267839
1342267840
1342267841
1342267842
1342267843
1342267844
1342267847
1342267849
1342267850
1342267851
1342267852
1342267853
1342267854
1342267855
1342267856
1342267857
1342267858
1342267859
1342267860
1342267861
1342267862
1342267863
1342267864
1342267865
1342267866
1342267867
1342267868
1342267869
1342267870
1342267871
1342267872
1342267873
1342267874
1342267875
1342267876
1342267877
1342267878
1342267879
1342267880
1342267881
1342267942
1342268108
1342268180
1342268181
1342268182
1342268183
1342268449
1342268450
1342268569
1342268570
1342268636
1342268637
1342268638
1342268642
1342268643
1342268644
1342268645
1342268646
1342268647
1342268648
1342268649
1342268729
1342268730
1342268736
1342268737
1342268738
1342268739
1342268740
1342268741
1342268742
1342268743
1342268744
1342268745
1342268746
1342268747
1342268748
1342268751
1342268752
1342268778
1342268779
1342268780
1342268781
1342268782
1342268783
1342268784
1342268788
1342268789
1342268790
1342268791
1342268792
1342268793
1342268794
1342268795
1342268796
1342268797
1342268798
1342268799
1342268800
1342268801
1342268802
1342268803
1342268804
1342268805
1342268806
1342268807
1342268808
1342268809
1342269283
1342269284
1342269285
1342269286
1342269287
1342269288
1342269289
1342269290
1342269291
1342269292
1342269293
1342269294
1342269295
1342269296
1342269297
1342269298
1342269299
1342269300
1342269301
1342269302
1342269303
1342269304
1342269305
1342269308
1342269351
1342269352
1342269355
1342269414
1342269439
1342269440
1342269441
1342269442
1342269443
1342269444
1342269445
1342269446
1342269447
1342269451
1342269452
1342269453
1342269454
1342269455
1342269458
1342269459
1342269460
1342269461
1342269462
1342269463
1342269464
1342269465
1342269466
1342269467
1342269468
1342269469
1342269470
1342269471
1342269472
1342269516
1342269517
1342269518
1342269519
1342269520
1342269521
1342269522
1342269523
1342269524
1342269525
1342269526
1342269527
1342269528
1342269529
1342269530
1342269531
1342269532
1342269533
1342269534
1342269535
1342269536
1342269537
1342269538
1342269539
1342269540
1342269541
1342269542
1342269543
1342269544
1342269545
1342269546
1342269547
1342269548
1342269549
1342269550
1342269551
1342269552
1342269553
1342269856
1342269857
1342269858
1342269859
1342269860
1342269861
1342269862
1342269863
1342269864
1342269865
1342269866
1342269867
1342269868
1342269869
1342269870
1342269871
1342269872
1342269873
1342269874
1342269875
1342269876
1342269877
1342269878
1342269879
1342269910
1342269911
1342269912
1342269913
1342269914
1342269915
1342269916
1342269917
1342269918
1342269919
1342269920
1342269921
1342269922
1342269932
1342269933
1342269936
1342269990
1342269991
1342269992
1342269993
1342269994
1342269995
1342269996
1342269997
1342269998
1342269999
1342270000
1342270001
1342270002
1342270003
1342270004
1342270005
1342270006
1342270007
1342270010
1342270011
1342270012
1342270013
1342270014
1342270015
1342270016
1342270017
1342270018
1342270019
1342270020
1342270344
1342270345
1342270346
1342270347
1342270348
1342270349
1342270350
1342270351
1342270352
1342270353
1342270354
1342270355
1342270356
1342270357
1342270358
1342270359
1342270360
1342270361
1342270362
1342270363
1342270364
1342270365
1342270366
1342270367
1342270368
1342270369
1342270370
1342270371
1342270372
1342270373
1342270374
1342270375
1342270376
1342270612
1342270639
1342270640
1342270641
1342270642
1342270643
1342270644
1342270645
1342270646
1342270647
1342270648
1342270649
1342270650
1342270651
1342270652
1342270653
1342270654
1342270655
1342270656
1342270657
1342270658
1342270659
1342270660
1342270661
1342270662
1342270663
1342270664
1342270665
1342270666
1342270667
1342270668
1342270669
1342270670
1342270671
1342270672
1342270673
1342270674
1342270675
1342270676
1342270677
1342270678
1342270679
1342270680
1342270681
1342270684
1342270685
1342270686
1342270687
1342270688
1342270689
1342270690
1342270691
1342270755
1342270756
1342270757
1342270758
1342270759
1342270760
1342270761
1342270762
1342270763
1342270764
1342270765
1342270766
1342270767
1342270768
1342270769
1342270770
1342270771
1342270772
1342270773
1342271040
1342271041
1342271042
1342271043
1342271044
1342271045
1342271046
1342271047
1342271048
1342271049
1342271050
1342271051
1342271052
1342271053
1342271054
1342271055
1342271056
1342271057
1342271191
1342271192
1342271193
1342271194
1342271195
1342271196
