1342178074
1342178545
1342178552
1342178562
1342178564
1342179029
1342179049
1342179050
1342179051
1342179065
1342179151
1342179354
1342179356
1342179358
1342179360
1342179363
1342179366
1342179369
1342179372
1342179394
1342179396
1342179398
1342179400
1342179403
1342179406
1342179408
1342179630
1342179631
1342179632
1342179633
1342179643
1342179644
1342179645
1342179646
1342179654
1342179655
1342179656
1342179657
1342179658
1342179659
1342179660
1342180878
1342180879
1342180880
1342180881
1342180882
1342180883
1342180890
1342180891
1342180892
1342180928
1342180929
1342180930
1342180931
1342180932
1342180933
1342180946
1342180947
1342180948
1342180952
1342180953
1342180954
1342180955
1342180956
1342180957
1342180968
1342180969
1342180970
1342180971
1342180972
1342180973
1342180986
1342180988
1342180989
1342180991
1342180992
1342181418
1342181419
1342181420
1342181421
1342181778
1342181779
1342181780
1342181781
1342181782
1342181915
1342182257
1342182258
1342182259
1342182260
1342182261
1342182262
1342182263
1342182264
1342182265
1342182266
1342182267
1342182268
1342182270
1342182271
1342182272
1342182273
1342182274
1342182275
1342182276
1342182277
1342182278
1342182279
1342182280
1342182281
1342182372
1342182373
1342182374
1342182375
1342182376
1342182377
1342182378
1342182379
1342182380
1342182381
1342182382
1342182383
1342182384
1342182385
1342182386
1342182388
1342182389
1342182390
1342182391
1342182392
1342182393
1342182394
1342182395
1342182396
1342182397
1342182398
1342182399
1342182447
1342182448
1342182449
1342182450
1342182451
1342182452
1342182453
1342182454
1342182455
1342182456
1342182457
1342182458
1342182459
1342182460
1342182461
1342182462
1342182463
1342182464
1342182465
1342182466
1342182467
1342182468
1342182469
1342182470
1342182471
1342182472
1342182473
1342182474
1342182475
1342182476
1342182477
1342182478
1342182479
1342182480
1342182481
1342182482
1342182483
1342182484
1342182485
1342182486
1342182487
1342182488
1342182489
1342182490
1342182491
1342182492
1342182493
1342182494
1342182495
1342182496
1342182580
1342182581
1342182582
1342182583
1342182584
1342182585
1342182586
1342182587
1342182921
1342183216
1342183236
1342183256
1342183276
1342183296
1342183359
1342183360
1342183361
1342183362
1342183363
1342183364
1342183365
1342183366
1342183367
1342183368
1342183369
1342183370
1342183371
1342183372
1342183373
1342183376
1342183393
1342183394
1342183400
1342183401
1342183402
1342183403
1342183404
1342183406
1342183407
1342183416
1342183419
1342183470
1342183473
1342183474
1342183475
1342183476
1342183477
1342183478
1342183479
1342183480
1342183481
1342183482
1342183483
1342183484
1342183485
1342183486
1342183487
1342183488
1342183489
1342183490
1342183491
1342183492
1342183493
1342183494
1342183495
1342183496
1342183497
1342183498
1342183499
1342183500
1342183501
1342183502
1342183503
1342183504
1342183505
1342183506
1342183507
1342183508
1342183509
1342183515
1342183522
1342183677
1342183678
1342183679
1342183680
1342183681
1342183682
1342183687
1342183688
1342183689
1342183693
1342183694
1342183695
1342183696
1342183697
1342183701
1342183702
1342183703
1342183704
1342183705
1342183706
1342183707
1342183708
1342183709
1342183710
1342183714
1342183715
1342183716
1342183717
1342183718
1342183719
1342183723
1342183724
1342183725
1342183726
1342183727
1342183728
1342183729
1342183730
1342183731
1342183732
1342183736
1342183737
1342183738
1342183739
1342183740
1342183741
1342183745
1342183746
1342183747
1342183748
1342183749
1342183813
1342183814
1342183815
1342183816
1342183817
1342183818
1342183819
1342183820
1342183821
1342183822
1342183823
1342183824
1342183825
1342183826
1342183827
1342183828
1342183829
1342183830
1342183831
1342183832
1342183868
1342183869
1342183870
1342183871
1342183872
1342184113
1342184114
1342184115
1342184116
1342184117
1342184118
1342184119
1342184120
1342184121
1342184122
1342184123
1342184124
1342184125
1342184126
1342184127
1342184128
1342184129
1342184130
1342184131
1342184132
1342184133
1342184134
1342184135
1342184136
1342184137
1342184138
1342184139
1342184140
1342184150
1342184151
1342184152
1342184153
1342184154
1342184155
1342184156
1342184157
1342184158
1342184159
1342184160
1342184161
1342184162
1342184163
1342184164
1342184165
1342184166
1342184167
1342184168
1342184169
1342184170
1342184171
1342184172
1342184173
1342184174
1342184175
1342184176
1342184177
1342184178
1342184179
1342184180
1342184181
1342184365
1342184373
1342184376
1342184377
1342184378
1342184379
1342184384
1342184386
1342184387
1342184434
1342184435
1342184436
1342184437
1342184438
1342184439
1342184440
1342184441
1342184442
1342184443
1342184444
1342184445
1342184446
1342184447
1342184448
1342184449
1342184450
1342184451
1342184452
1342184453
1342184454
1342184455
1342184456
1342184457
1342184458
1342184459
1342184460
1342184461
1342184462
1342184463
1342184464
1342184465
1342184750
1342184756
1342184757
1342184758
1342184759
1342184760
1342184762
1342184763
1342184764
1342184765
1342184766
1342184767
1342184768
1342184769
1342184770
1342184771
1342184772
1342184773
1342184774
1342184775
1342184776
1342184777
1342184778
1342184779
1342184780
1342184781
1342184782
1342184783
1342184784
1342184785
1342184786
1342184969
1342184973
1342184974
1342184978
1342184979
1342184983
1342184987
1342184991
1342184995
1342184998
1342185002
1342185007
1342185011
1342185012
1342185013
1342185014
1342185015
1342185016
1342185017
1342185018
1342185019
1342185020
1342185021
1342185022
1342185023
1342185024
1342185025
1342185026
1342185027
1342185028
1342185029
1342185030
1342185031
1342185032
1342185033
1342185034
1342185035
1342185036
1342185037
1342185038
1342185039
1342185040
1342185041
1342185042
1342185043
1342185044
1342185045
1342185046
1342185047
1342185048
1342185049
1342185050
1342185051
1342185052
1342185053
1342185054
1342185055
1342185056
1342185057
1342185058
1342185533
1342185534
1342185535
1342185536
1342185537
1342185538
1342185539
1342185747
1342185748
1342185749
1342185750
1342185751
1342185752
1342185759
1342185760
1342185765
1342185766
1342185768
1342185769
1342185771
1342185772
1342185776
1342185777
1342185779
1342185780
1342185781
1342185782
1342185783
1342185786
1342185787
1342185789
1342185790
1342185791
1342185792
1342185793
1342185794
1342185807
1342185810
1342185811
1342185812
1342185813
1342185817
1342185818
1342185820
1342185821
1342185822
1342185823
1342185829
1342185830
1342185831
1342185832
1342185835
1342185836
1342185852
1342185853
1342185869
1342185870
1342185889
1342185890
1342185908
1342185909
1342185921
1342185922
1342185924
1342185926
1342185938
1342185939
1342185940
1342185959
1342185960
1342185985
1342185986
1342185987
1342185989
1342185991
1342185993
1342186000
1342186002
1342186108
1342186109
1342186110
1342186111
1342186112
1342186113
1342186114
1342186115
1342186116
1342186125
1342186126
1342186127
1342186128
1342186293
1342186422
1342186427
1342186430
1342186431
1342186432
1342186433
1342186434
1342186435
1342186436
1342186437
1342186438
1342186439
1342186440
1342186450
1342186451
1342186452
1342186453
1342186454
1342186466
1342186467
1342186470
1342186471
1342186472
1342186473
1342186474
1342186475
1342186489
1342186490
1342186491
1342186492
1342186493
1342186506
1342186507
1342186519
1342186521
1342186522
1342186523
1342186524
1342186525
1342186526
1342186709
1342186710
1342186711
1342186712
1342186713
1342186714
1342186715
1342186716
1342186717
1342186718
1342186719
1342186720
1342186721
1342186722
1342186723
1342186724
1342186725
1342186726
1342186727
1342186728
1342186744
1342186745
1342186746
1342186747
1342186748
1342186749
1342186750
1342186751
1342186752
1342186753
1342186754
1342186755
1342186756
1342186757
1342186832
1342186834
1342186835
1342186836
1342186837
1342186838
1342186839
1342186840
1342186841
1342186842
1342186843
1342186844
1342186845
1342186846
1342186852
1342186853
1342186854
1342186855
1342186861
1342186862
1342186874
1342186876
1342186882
1342186894
1342186897
1342186900
1342186920
1342186922
1342186923
1342186924
1342186925
1342186927
1342186928
1342186930
1342186931
1342186933
1342186934
1342186936
1342186937
1342186939
1342186940
1342186941
1342186942
1342186943
1342186944
1342186946
1342186947
1342186948
1342187084
1342187085
1342187086
1342187087
1342187088
1342187089
1342187090
1342187091
1342187092
1342187093
1342187094
1342187095
1342187096
1342187097
1342187098
1342187099
1342187100
1342187101
1342187102
1342187103
1342187104
1342187105
1342187106
1342187108
1342187109
1342187173
1342187174
1342187175
1342187184
1342187185
1342187186
1342187261
1342187262
1342187263
1342187319
1342187320
1342187321
1342187322
1342187323
1342187324
1342187325
1342187326
1342187327
1342187328
1342187329
1342187434
1342187435
1342187436
1342187437
1342187438
1342187439
1342187440
1342187441
1342187444
1342187445
1342187448
1342187449
1342187454
1342187457
1342187458
1342187459
1342187465
1342187466
1342187467
1342187479
1342187481
1342187485
1342187486
1342187490
1342187494
1342187506
1342187507
1342187508
1342187509
1342187510
1342187511
1342187514
1342187515
1342187516
1342187517
1342187521
1342187522
1342187523
1342187524
1342187525
1342187526
1342187527
1342187652
1342187653
1342187654
1342187655
1342187715
1342187716
1342187717
1342187718
1342187719
1342187720
1342187721
1342187879
1342187880
1342187883
1342187884
1342187885
1342187886
1342187887
1342187890
1342187891
1342187892
1342187893
1342187894
1342187897
1342187898
1342187899
1342187900
1342187901
1342187902
1342187903
1342187904
1342187905
1342187907
1342187909
1342187911
1342187913
1342187915
1342188092
1342188093
1342188094
1342188155
1342188156
1342188157
1342188158
1342188159
1342188160
1342188161
1342188162
1342188163
1342188164
1342188165
1342188166
1342188167
1342188168
1342188169
1342188170
1342188171
1342188172
1342188173
1342188174
1342188175
1342188177
1342188178
1342188179
1342188180
1342188181
1342188182
1342188185
1342188186
1342188187
1342188188
1342188189
1342188190
1342188191
1342188192
1342188195
1342188197
1342188198
1342188578
1342188579
1342188580
1342188581
1342188582
1342188583
1342188584
1342188585
1342188586
1342188587
1342188588
1342188589
1342188590
1342188592
1342188593
1342188594
1342188595
1342188596
1342188597
1342188598
1342188599
1342188657
1342188658
1342188659
1342188660
1342188661
1342188662
1342188663
1342188664
1342188665
1342188668
1342188669
1342188670
1342188673
1342188674
1342188675
1342188676
1342188686
1342188687
1342188688
1342188689
1342188749
1342188750
1342188751
1342188752
1342188753
1342188754
1342188755
1342188756
1342188757
1342188758
1342188759
1342188760
1342188761
1342188762
1342188763
1342188764
1342188765
1342188766
1342188767
1342188768
1342188769
1342188770
1342188771
1342188772
1342188773
1342188774
1342188775
1342188776
1342188777
1342188778
1342188779
1342188780
1342188781
1342188782
1342188783
1342188784
1342188785
1342188786
1342188787
1342188788
1342188789
1342188790
1342188791
1342188792
1342188793
1342188794
1342188795
1342188796
1342188797
1342188798
1342188799
1342188800
1342188801
1342188802
1342188803
1342188804
1342188805
1342188806
1342188807
1342188808
1342188809
1342188810
1342188811
1342188812
1342188813
1342188814
1342188815
1342188816
1342188817
1342188818
1342188819
1342188820
1342188821
1342188822
1342188823
1342188824
1342188825
1342188826
1342188827
1342188829
1342188830
1342188831
1342188832
1342188833
1342188834
1342188835
1342189114
1342189115
1342189116
1342189117
1342189120
1342189121
1342189122
1342189123
1342189124
1342189125
1342189126
1342189421
1342189422
1342189423
1342189424
1342189425
1342189426
1342189427
1342189428
1342189429
1342189430
1342189431
1342189432
1342189433
1342189434
1342189435
1342189436
1342189437
1342189438
1342189439
1342189440
1342189441
1342189442
1342189443
1342189444
1342189445
1342189446
1342189447
1342189448
1342189449
1342189450
1342189451
1342189452
1342189453
1342189454
1342189455
1342189456
1342189503
1342189504
1342189505
1342189506
1342189507
1342189508
1342189509
1342189510
1342189511
1342189512
1342189513
1342189514
1342189515
1342189516
1342189517
1342189518
1342189519
1342189520
1342189528
1342189529
1342189530
1342189531
1342189532
1342189533
1342189541
1342189542
1342189543
1342189544
1342189545
1342189546
1342189687
1342189688
1342189689
1342189699
1342189700
1342189701
1342189702
1342189703
1342189883
1342189884
1342189891
1342189892
1342189893
1342189894
1342189895
1342189896
1342189897
1342189898
1342189899
1342189900
1342189901
1342190278
1342190279
1342190280
1342190287
1342190288
1342190289
1342190293
1342190294
1342190295
1342190296
1342190297
1342190298
1342190299
1342190300
1342190657
1342190658
1342190659
1342190660
1342190661
1342190662
1342190663
1342190666
1342190667
1342190668
1342190669
1342190670
1342190673
1342190674
1342190675
1342190676
1342190681
1342191158
1342191159
1342191160
1342191161
1342191162
1342191163
1342191164
1342191165
1342191166
1342191167
1342191168
1342191169
1342191170
1342191171
1342191172
1342191173
1342191174
1342191175
1342191176
1342191177
1342191178
1342191179
1342191180
1342191181
1342191182
1342191183
1342191184
1342191185
1342191186
1342191187
1342191188
1342191189
1342191190
1342191191
1342191192
1342191193
1342191194
1342191195
1342191200
1342191201
1342191204
1342191205
1342191206
1342191207
1342191208
1342191209
1342191210
1342191211
1342191212
1342191213
1342191214
1342191215
1342191216
1342191217
1342191220
1342191221
1342191222
1342191223
1342191224
1342191225
1342191226
1342191227
1342191228
1342191229
1342191230
1342191231
1342191232
1342191233
1342191234
1342192053
1342192054
1342192055
1342192056
1342192057
1342192058
1342192059
1342192060
1342192061
1342192062
1342192063
1342192064
1342192065
1342192066
1342192067
1342192068
1342192069
1342192070
1342192071
1342192072
1342192073
1342192074
1342192075
1342192076
1342192077
1342192078
1342192079
1342192080
1342192081
1342192082
1342192085
1342192086
1342192087
1342192088
1342192089
1342192090
1342192091
1342192092
1342192093
1342192094
1342192095
1342192096
1342192097
1342192098
1342192099
1342192100
1342192101
1342192102
1342192103
1342192104
1342192105
1342192106
1342192107
1342192172
1342192173
1342192174
1342192175
1342192176
1342192177
1342192178
1342192179
1342192180
1342192181
1342192182
1342192183
1342192184
1342192185
1342192186
1342192187
1342192188
1342192189
1342192190
1342192685
1342192695
1342192828
1342192829
1342192830
1342192831
1342192832
1342192833
1342192834
1342192835
1342192836
1342192837
1342192838
1342192993
1342192996
1342192997
1342192998
1342192999
1342193000
1342193001
1342193002
1342193003
1342193004
1342193005
1342193006
1342193007
1342193008
1342193009
1342193010
1342193011
1342193012
1342193013
1342193014
1342193015
1342193016
1342193017
1342193018
1342193019
1342193020
1342193021
1342193022
1342193023
1342193024
1342193025
1342193026
1342193027
1342193028
1342193660
1342193661
1342193662
1342193663
1342193664
1342193665
1342193666
1342193667
1342193670
1342193671
1342193672
1342193673
1342193674
1342193675
1342193676
1342193677
1342193678
1342193679
1342193680
1342193681
1342193682
1342193687
1342193689
1342193786
1342193787
1342193788
1342193789
1342193790
1342193791
1342193792
1342193793
1342193794
1342193795
1342193796
1342193797
1342193798
1342193799
1342193800
1342193801
1342193802
1342193803
1342193804
1342193809
1342193810
1342193811
1342193812
1342195262
1342195263
1342195264
1342195265
1342195266
1342195267
1342195268
1342195269
1342195270
1342195271
1342195272
1342195273
1342195274
1342195275
1342195276
1342195277
1342195278
1342195279
1342195280
1342195281
1342195282
1342195283
1342195284
1342195285
1342195286
1342195287
1342195288
1342195289
1342195290
1342195291
1342195292
1342195293
1342195294
1342195295
1342195296
1342195297
1342195298
1342195299
1342195300
1342195301
1342195302
1342195305
1342195306
1342195307
1342195308
1342195309
1342195310
1342195311
1342195312
1342195313
1342195314
1342195315
1342195316
1342195317
1342195318
1342195319
1342195320
1342195321
1342195322
1342195323
1342195324
1342195329
1342195332
1342195333
1342195334
1342195335
1342195342
1342195347
1342195348
1342195665
1342195666
1342195675
1342195676
1342195677
1342195678
1342195679
1342195686
1342195687
1342195688
1342195689
1342195690
1342195710
1342195715
1342195716
1342195717
1342195718
1342195719
1342195720
1342195724
1342195725
1342195726
1342195731
1342195732
1342195733
1342195734
1342195735
1342195736
1342195737
1342195738
1342195739
1342195740
1342195741
1342195745
1342195746
1342195747
1342195748
1342195749
1342195750
1342195751
1342195752
1342195753
1342195754
1342195757
1342195758
1342195759
1342195762
1342195763
1342195764
1342195769
1342195770
1342195771
1342195774
1342195775
1342195855
1342195856
1342195857
1342195858
1342195859
1342195860
1342195861
1342195862
1342195863
1342195864
1342195865
1342195866
1342195867
1342195868
1342195869
1342195870
1342195871
1342195872
1342195873
1342195932
1342195933
1342195934
1342195935
1342195936
1342195937
1342195938
1342195939
1342195940
1342195941
1342195942
1342195943
1342195944
1342195945
1342195946
1342195947
1342195948
1342195949
1342195950
1342195951
1342195952
1342195953
1342195954
1342195955
1342195956
1342195957
1342195958
1342195959
1342195960
1342195961
1342195962
1342195963
1342195964
1342195965
1342195966
1342195967
1342195968
1342195969
1342195970
1342195971
1342195972
1342195973
1342195974
1342195975
1342195976
1342195977
1342195978
1342195979
1342195982
1342195983
1342195984
1342195985
1342195986
1342195987
1342196610
1342196611
1342196614
1342196615
1342196616
1342196617
1342196620
1342196660
1342196661
1342196662
1342196663
1342196664
1342196665
1342196666
1342196667
1342196668
1342196669
1342196670
1342196671
1342196672
1342196673
1342196674
1342196677
1342196678
1342196679
1342196888
1342196889
1342196890
1342196891
1342196892
1342196893
1342196894
1342196895
1342196896
1342196897
1342196898
1342196899
1342196900
1342196905
1342196906
1342196913
1342196914
1342196915
1342197285
1342197286
1342197287
1342197310
1342197313
1342197314
1342197315
1342197316
1342197317
1342197318
1342197319
1342197323
1342197324
1342197325
1342197326
1342197327
1342197328
1342197329
1342197330
1342197331
1342197336
1342197337
1342197338
1342197339
1342197340
1342197341
1342197342
1342197343
1342197344
1342197345
1342197348
1342197349
1342197350
1342197351
1342197352
1342197353
1342197354
1342197362
1342197363
1342197364
1342197365
1342197366
1342197367
1342197368
1342197369
1342197379
1342197456
1342197461
1342197462
1342197465
1342197466
1342197467
1342197468
1342197469
1342197472
1342197473
1342197474
1342197475
1342197476
1342197477
1342197478
1342197481
1342197482
1342197483
1342197484
1342197485
1342197486
1342197487
1342197488
1342197489
1342198141
1342198142
1342198143
1342198144
1342198145
1342198150
1342198151
1342198152
1342198153
1342198154
1342198155
1342198158
1342198159
1342198160
1342198161
1342198162
1342198163
1342198164
1342198165
1342198189
1342198190
1342198191
1342198192
1342198237
1342198238
1342198239
1342198240
1342198241
1342198242
1342198243
1342198244
1342198249
1342198250
1342198251
1342198252
1342198253
1342198254
1342198255
1342198256
1342198263
1342198264
1342198265
1342198270
1342198273
1342198274
1342198277
1342198278
1342198279
1342198427
1342198428
1342198429
1342198448
1342198449
1342198450
1342198451
1342198568
1342198569
1342198570
1342198571
1342198572
1342198573
1342198574
1342198575
1342198576
1342198577
1342198578
1342198579
1342198580
1342198581
1342198582
1342198583
1342198584
1342198587
1342198588
1342198865
1342198866
1342198867
1342198868
1342198869
1342198870
1342198871
1342198872
1342198873
1342198874
1342198875
1342198876
1342198877
1342198878
1342198879
1342198880
1342198881
1342198882
1342198883
1342198884
1342198885
1342198886
1342198887
1342198888
1342198889
1342198890
1342198891
1342198892
1342198893
1342198894
1342198921
1342198922
1342198923
1342198924
1342198925
1342198928
1342198929
1342198930
1342199247
1342199248
1342199249
1342199250
1342199251
1342199252
1342199253
1342199255
1342199260
1342199261
1342199304
1342199305
1342199306
1342199307
1342199308
1342199309
1342199310
1342199311
1342199312
1342199313
1342199314
1342199315
1342199316
1342199317
1342199318
1342199319
1342199320
1342199321
1342199322
1342199323
1342199324
1342199325
1342199326
1342199327
1342199328
1342199329
1342199330
1342199331
1342199332
1342199333
1342199334
1342199335
1342199336
1342199337
1342199338
1342199339
1342199340
1342199341
1342199342
1342199343
1342199344
1342199345
1342199346
1342199347
1342199348
1342199349
1342199350
1342199351
1342199352
1342199353
1342199354
1342199355
1342199356
1342199357
1342199358
1342199359
1342199360
1342199361
1342199362
1342199363
1342199364
1342199365
1342199366
1342199367
1342199368
1342199369
1342199374
1342199375
1342199376
1342199377
1342199378
1342199379
1342199380
1342199381
1342199382
1342199383
1342199384
1342199385
1342199386
1342199387
1342199388
1342199389
1342199390
1342199391
1342199392
1342199393
1342199394
1342199761
1342199762
1342199763
1342199766
1342199767
1342199768
1342199769
1342199770
1342199771
1342199772
1342199773
1342199774
1342199779
1342199780
1342199781
1342199782
1342199783
1342199784
1342199785
1342199786
1342199787
1342199788
1342199789
1342199790
1342199791
1342199792
1342200110
1342200117
1342200118
1342200119
1342200126
1342200127
1342200128
1342200129
1342200130
1342200171
1342200174
1342200175
1342200176
1342200177
1342200178
1342200181
1342200182
1342200184
1342200189
1342200190
1342200191
1342200194
1342200195
1342200196
1342200197
1342200198
1342200199
1342200200
1342200201
1342200202
1342200203
1342200204
1342200205
1342200206
1342200207
1342200208
1342200209
1342200210
1342200211
1342200212
1342200213
1342200214
1342200215
1342200216
1342200217
1342200218
1342200219
1342200220
1342200221
1342200222
1342200223
1342200224
1342200225
1342200226
1342200227
1342200228
1342200229
1342200230
1342200231
1342200232
1342200233
1342200234
1342200235
1342200236
1342200237
1342200238
1342200239
1342200240
1342200241
1342200242
1342201127
1342201128
1342201129
1342201130
1342201131
1342201132
1342201133
1342201134
1342201135
1342201136
1342201137
1342201142
1342201143
1342201144
1342201145
1342201146
1342201147
1342201148
1342201201
1342201202
1342201203
1342201204
1342201205
1342201208
1342201209
1342201210
1342201211
1342201212
1342201213
1342201214
1342201215
1342201216
1342201217
1342201218
1342201219
1342201220
1342201221
1342201222
1342201223
1342201224
1342201225
1342201226
1342201227
1342201228
1342201229
1342201230
1342201231
1342201232
1342201233
1342201234
1342201235
1342201236
1342201237
1342201238
1342201239
1342201240
1342201241
1342201242
1342201243
1342201244
1342201245
1342201246
1342201247
1342201248
1342201249
1342201250
1342201251
1342201252
1342201253
1342201254
1342201255
1342201256
1342201257
1342201258
1342201259
1342201260
1342201261
1342201262
1342201263
1342201264
1342201265
1342201266
1342201267
1342201268
1342201269
1342201270
1342201271
1342201272
1342201273
1342201274
1342201275
1342201276
1342201277
1342201278
1342201279
1342201280
1342201281
1342201282
1342201283
1342201284
1342201285
1342201286
1342201287
1342201288
1342201289
1342201290
1342201291
1342201292
1342201293
1342201294
1342201295
1342201296
1342201297
1342201298
1342201299
1342201300
1342201301
1342201302
1342201303
1342201304
1342201305
1342201306
1342201307
1342201308
1342201309
1342201310
1342201311
1342201312
1342201313
1342201314
1342201315
1342201316
1342201317
1342201318
1342201319
1342201320
1342201321
1342201322
1342201323
1342201324
1342201325
1342201326
1342201327
1342201363
1342201364
1342201365
1342201366
1342201367
1342201368
1342201369
1342201370
1342201371
1342201372
1342201373
1342201374
1342201375
1342201376
1342201377
1342201378
1342201379
1342201380
1342201381
1342201382
1342201385
1342201386
1342201387
1342201391
1342201392
1342201393
1342201394
1342201395
1342201396
1342201397
1342201398
1342201399
1342201400
1342201401
1342201402
1342201403
1342201404
1342201405
1342201406
1342201407
1342201408
1342201409
1342201410
1342201411
1342201412
1342201413
1342201414
1342201415
1342201416
1342201417
1342201418
1342201419
1342201420
1342201421
1342201422
1342201423
1342201424
1342201425
1342201426
1342201427
1342201428
1342201429
1342201430
1342201431
1342201432
1342201436
1342201437
1342201438
1342201439
1342201440
1342201441
1342201442
1342201443
1342201444
1342201445
1342201446
1342201447
1342201448
1342201449
1342201450
1342201483
1342201484
1342201485
1342201486
1342201487
1342201488
1342201489
1342201490
1342201491
1342201495
1342201496
1342202198
1342202199
1342202200
1342202205
1342202206
1342202207
1342202208
1342202212
1342202213
1342202214
1342202219
1342202220
1342202221
1342202222
1342202246
1342202247
1342202248
1342202256
1342202259
1342202260
1342202261
1342202262
1342202263
1342202264
1342202265
1342202266
1342202267
1342202268
1342202269
1342202270
1342202271
1342202272
1342202273
1342203073
1342203074
1342203075
1342203076
1342203077
1342203078
1342203079
1342203090
1342203091
1342203092
1342203093
1342203285
1342203561
1342203562
1342203563
1342203564
1342203565
1342203566
1342203567
1342203568
1342203569
1342203570
1342203571
1342203572
1342203573
1342203574
1342203575
1342203576
1342203577
1342203578
1342203579
1342203580
1342203581
1342203582
1342203583
1342203584
1342203585
1342203586
1342203587
1342203588
1342203589
1342203590
1342203591
1342203592
1342203593
1342203594
1342203595
1342203596
1342203597
1342203598
1342203599
1342203600
1342203601
1342203602
1342203603
1342203604
1342203605
1342203606
1342203607
1342203608
1342203609
1342203610
1342203611
1342203612
1342203613
1342203614
1342203615
1342203616
1342203617
1342203618
1342203619
1342203620
1342203621
1342203622
1342203623
1342203624
1342203625
1342203626
1342203627
1342203628
1342203629
1342203630
1342203631
1342203632
1342203633
1342203634
1342203635
1342203636
1342203637
1342203638
1342204020
1342204021
1342204022
1342204023
1342204024
1342204025
1342204026
1342204027
1342204028
1342204029
1342204030
1342204031
1342204032
1342204033
1342204034
1342204035
1342204036
1342204037
1342204061
1342204062
1342204064
1342204065
1342204066
1342204067
1342204068
1342204107
1342204108
1342204359
1342204360
1342204371
1342204372
1342204373
1342204850
1342204851
1342204852
1342204878
1342204879
1342204880
1342204881
1342204882
1342204883
1342204884
1342204885
1342204886
1342204887
1342204888
1342204889
1342204890
1342204891
1342204892
1342204893
1342204894
1342204895
1342204896
1342204897
1342204898
1342204899
1342204900
1342204901
1342204902
1342204903
1342204904
1342204905
1342204906
1342204907
1342204908
1342204909
1342204910
1342204911
1342204912
1342204913
1342204914
1342204915
1342204916
1342204917
1342204918
1342204919
1342204920
1342204921
1342204922
1342204923
1342204924
1342204925
1342204926
1342204927
1342204928
1342204929
1342204930
1342204931
1342204932
1342204933
1342204934
1342204941
1342204942
1342204943
1342204944
1342204945
1342204946
1342204947
1342204948
1342204949
1342204950
1342204951
1342204952
1342204953
1342204954
1342204955
1342204956
1342204957
1342204958
1342204959
1342204960
1342204961
1342204962
1342204963
1342204964
1342204965
1342204966
1342204967
1342204968
1342204969
1342204970
1342204971
1342205052
1342205072
1342205081
1342205082
1342205083
1342205085
1342205086
1342205096
1342205097
1342206165
1342206166
1342206167
1342206168
1342206169
1342206170
1342206171
1342206172
1342206173
1342206174
1342206175
1342206176
1342206177
1342206178
1342206179
1342206180
1342206181
1342206182
1342206183
1342206184
1342206185
1342206186
1342206187
1342206188
1342206189
1342206190
1342206191
1342206192
1342206193
1342206194
1342206195
1342206196
1342206197
1342206198
1342206199
1342206200
1342206201
1342206202
1342206203
1342206204
1342206205
1342206206
1342206207
1342206208
1342206209
1342206210
1342206211
1342206212
1342206213
1342206214
1342206215
1342206216
1342206217
1342206218
1342206219
1342206220
1342206221
1342206222
1342206223
1342206224
1342206225
1342206232
1342206233
1342206234
1342206235
1342206236
1342206237
1342206238
1342206239
1342206240
1342206241
1342206243
1342206682
1342206683
1342206684
1342206685
1342206686
1342206687
1342206688
1342206689
1342206690
1342207033
1342207034
1342207035
1342207036
1342207037
1342207038
1342207039
1342207040
1342207041
1342207042
1342207043
1342207044
1342207046
1342207047
1342207048
1342207049
1342207050
1342208380
1342208381
1342208382
1342208383
1342208384
1342208385
1342208387
1342208388
1342208389
1342208390
1342208391
1342208394
1342209276
1342209277
1342209278
1342209279
1342209280
1342209281
1342209282
1342209285
1342209286
1342209287
1342209288
1342209289
1342209290
1342209291
1342209292
1342209293
1342209294
1342209295
1342209296
1342209297
1342209298
1342209299
1342209300
1342209301
1342209302
1342209303
1342209304
1342209305
1342209307
1342209308
1342209309
1342209310
1342209311
1342209312
1342209313
1342209314
1342209315
1342209316
1342209317
1342209318
1342209319
1342209850
1342209851
1342209852
1342209853
1342209854
1342209855
1342209856
1342209857
1342209858
1342209859
1342210493
1342210496
1342210497
1342210498
1342210499
1342210500
1342210501
1342210502
1342210503
1342210504
1342210505
1342210506
1342210507
1342210508
1342210509
1342210510
1342210511
1342210512
1342210513
1342210514
1342210515
1342210516
1342210517
1342210518
1342210519
1342210520
1342210521
1342210522
1342210523
1342210524
1342210525
1342210526
1342210527
1342210528
1342210529
1342210530
1342210531
1342210532
1342210533
1342210536
1342210537
1342210538
1342210539
1342210540
1342210541
1342210542
1342210543
1342210544
1342210548
1342210561
1342210562
1342210563
1342210564
1342210565
1342210570
1342210571
1342210572
1342210573
1342210574
1342210841
1342210844
1342210846
1342210847
1342210848
1342210849
1342210850
1342210851
1342210856
1342210857
1342210858
1342210859
1342210860
1342210861
1342210862
1342210863
1342210866
1342210867
1342210868
1342210869
1342210870
1342210871
1342210872
1342210873
1342210874
1342210876
1342210877
1342210878
1342210879
1342210880
1342210881
1342210882
1342210883
1342210905
1342210915
1342210920
1342210935
1342210936
1342210937
1342210938
1342210939
1342210940
1342210941
1342210942
1342210943
1342210944
1342210966
1342210967
1342210968
1342210969
1342210971
1342210972
1342210973
1342210974
1342210975
1342210976
1342210977
1342210978
1342210979
1342210980
1342210985
1342210986
1342211297
1342211298
1342211299
1342211300
1342211301
1342211302
1342211303
1342211304
1342211305
1342211348
1342211349
1342211350
1342211351
1342211352
1342211353
1342211354
1342211355
1342211356
1342211357
1342211358
1342211359
1342211360
1342211361
1342211362
1342211363
1342211364
1342211365
1342211366
1342211400
1342211401
1342211402
1342211404
1342211405
1342211406
1342211407
1342211408
1342211409
1342211410
1342211411
1342211412
1342211413
1342211593
1342211594
1342211595
1342211596
1342211597
1342211598
1342211599
1342211600
1342211601
1342211602
1342211609
1342211610
1342211611
1342211612
1342211613
1342212288
1342212289
1342212290
1342212291
1342212292
1342212293
1342212294
1342212295
1342212297
1342212298
1342212304
1342212305
1342212307
1342212314
1342212315
1342212316
1342212317
1342212318
1342212319
1342212320
1342212321
1342212324
1342212325
1342212338
1342212340
1342212341
1342212342
1342212343
1342212344
1342212345
1342212346
1342212347
1342212348
1342212360
1342212361
1342212362
1342212364
1342212365
1342212366
1342212367
1342212368
1342212370
1342212371
1342212372
1342212373
1342212374
1342212375
1342212376
1342212404
1342212405
1342212410
1342212411
1342212412
1342212413
1342212414
1342212416
1342212417
1342212418
1342212419
1342212420
1342212421
1342212422
1342212423
1342212424
1342212425
1342212426
1342212427
1342212428
1342212429
1342212430
1342212431
1342213185
1342213187
1342213188
1342213189
1342213190
1342213191
1342213192
1342213193
1342213194
1342213195
1342213196
1342213197
1342213198
1342213199
1342213200
1342213201
1342213202
1342213203
1342213204
1342213205
1342213372
1342213373
1342213374
1342213375
1342213376
1342213377
1342213378
1342213379
1342213381
1342213382
1342213442
1342213443
1342213444
1342213445
1342213446
1342213449
1342213451
1342213452
1342213453
1342213454
1342213455
1342213456
1342213457
1342213458
1342213459
1342213460
1342213461
1342213462
1342213463
1342213464
1342213465
1342213466
1342213467
1342213468
1342213469
1342213470
1342213471
1342213472
1342213473
1342213474
1342213475
1342213476
1342213477
1342213478
1342213479
1342213480
1342213481
1342213482
1342213483
1342213484
1342213485
1342213486
1342213487
1342213488
1342213489
1342213490
1342213491
1342213492
1342213493
1342213494
1342214553
1342214554
1342214555
1342214556
1342214557
1342214558
1342214559
1342214560
1342214561
1342214562
1342214563
1342214564
1342214565
1342214566
1342214567
1342214568
1342214569
1342214570
1342214571
1342214572
1342214573
1342214696
1342214697
1342214698
1342214699
1342214700
1342214701
1342214702
1342214703
1342214704
1342214708
1342214709
1342214710
1342214716
1342214746
1342214747
1342214748
1342214749
1342214750
1342214751
1342214752
1342214753
1342214754
1342214755
1342214756
1342214757
1342214758
1342214759
1342214814
1342214815
1342214816
1342214817
1342214818
1342214819
1342214820
1342214821
1342214822
1342214823
1342214824
1342214825
1342214826
1342214827
1342214828
1342214829
1342214830
1342214831
1342214832
1342214833
1342214836
1342214838
1342214839
1342214840
1342214841
1342214842
1342214843
1342214844
1342214845
1342214846
1342214847
1342214848
1342214849
1342214850
1342214851
1342214852
1342214853
1342214854
1342214855
1342214856
1342214857
1342214858
1342214859
1342215987
1342215988
1342215989
1342215990
1342215991
1342215993
1342215994
1342215995
1342215996
1342215997
1342215998
1342215999
1342216000
1342216001
1342216002
1342216003
1342216004
1342216005
1342216006
1342216007
1342216008
1342216009
1342216876
1342216877
1342216878
1342216879
1342216880
1342216881
1342216882
1342216883
1342216884
1342216885
1342216886
1342216887
1342216888
1342216889
1342216890
1342216892
1342216893
1342216894
1342216895
1342216896
1342216897
1342216898
1342216899
1342216901
1342216902
1342216903
1342216904
1342216905
1342216906
1342216907
1342216908
1342216909
1342216910
1342216911
1342216912
1342216915
1342216917
1342216918
1342216919
1342216920
1342216921
1342216922
1342216923
1342216924
1342216925
1342216926
1342216927
1342216928
1342216929
1342216930
1342216931
1342216932
1342216933
1342216934
1342216935
1342216936
1342216937
1342216938
1342216939
1342216940
1342216941
1342216942
1342216943
1342216944
1342216945
1342216946
1342216947
1342216948
1342216949
1342216950
1342216951
1342216952
1342216953
1342216954
1342216955
1342216956
1342216957
1342218680
1342218681
1342218682
1342218683
1342218684
1342218685
1342218686
1342218687
1342218688
1342218689
1342218690
1342218970
1342218971
1342218972
1342218973
1342218974
1342218976
1342218977
1342218978
1342218979
1342218980
1342218981
1342218982
1342218983
1342218984
1342218985
1342218986
1342218987
1342218988
1342218989
1342218990
1342218991
1342218992
1342218993
1342219549
1342219550
1342219551
1342219552
1342219553
1342219554
1342219555
1342219556
1342219557
1342219560
1342219562
1342219564
1342219565
1342219566
1342219567
1342219568
1342219569
1342219570
1342219571
1342219572
1342219573
1342219574
1342219575
1342219576
1342219609
1342219610
1342219611
1342219612
1342219613
1342219614
1342219615
1342219616
1342219617
1342219633
1342219634
1342219635
1342219636
1342219645
1342219817
1342219819
1342219948
1342219949
1342219955
1342219956
1342219957
1342219958
1342219959
1342219960
1342219961
1342219962
1342219963
1342219964
1342219966
1342219967
1342219968
1342219969
1342219970
1342219971
1342219972
1342219973
1342219974
1342219975
1342219976
1342219982
1342219983
1342219984
1342219985
1342219986
1342219987
1342219988
1342220525
1342220526
1342220527
1342220528
1342220529
1342220530
1342220531
1342220532
1342220538
1342220539
1342220540
1342220541
1342220542
1342220543
1342220614
1342220621
1342220622
1342220623
1342220624
1342220625
1342220626
1342220627
1342220628
1342220629
1342220630
1342220631
1342220632
1342220633
1342220634
1342220635
1342220636
1342220637
1342220638
1342220639
1342220640
1342220641
1342220642
1342220643
1342220644
1342220645
1342220646
1342220835
1342220836
1342220837
1342220838
1342220839
1342220840
1342220862
1342220863
1342220864
1342220865
1342220866
1342220867
1342220868
1342220869
1342220870
1342220871
1342220872
1342220873
1342220874
1342220875
1342220876
1342221461
1342221462
1342221467
1342221469
1342221470
1342221679
1342221680
1342221681
1342221682
1342221683
1342221684
1342221685
1342221686
1342221687
1342221688
1342221689
1342221694
1342221695
1342221696
1342221697
1342221698
1342221699
1342221700
1342221701
1342221702
1342221703
1342221707
1342221708
1342221709
1342221710
1342221711
1342221712
1342221713
1342221714
1342221715
1342221716
1342221717
1342221901
1342221902
1342221909
1342221910
1342221912
1342221913
1342221914
1342221915
1342221916
1342221917
1342221918
1342221919
1342221924
1342221925
1342221926
1342221927
1342221930
1342221931
1342221932
1342222115
1342222116
1342222117
1342222118
1342222119
1342222120
1342222122
1342222123
1342222124
1342222125
1342222126
1342222127
1342222128
1342222133
1342222134
1342222135
1342222136
1342222137
1342222138
1342222139
1342222587
1342222588
1342222589
1342222590
1342222591
1342222593
1342222594
1342222595
1342222596
1342222597
1342222598
1342222599
1342222600
1342222601
1342222602
1342222603
1342222604
1342222605
1342222606
1342222655
1342222656
1342222657
1342222658
1342222659
1342222660
1342222661
1342222662
1342222663
1342222664
1342222665
1342222666
1342222667
1342222668
1342222669
1342222670
1342222671
1342222672
1342222673
1342222674
1342222819
1342222820
1342222821
1342222822
1342222823
1342222824
1342222825
1342222826
1342222827
1342222828
1342222829
1342222830
1342222831
1342222832
1342222834
1342222835
1342222839
1342222840
1342222841
1342222842
1342222843
1342222844
1342222845
1342222846
1342222847
1342222848
1342222849
1342222850
1342222851
1342222852
1342222853
1342222854
1342222861
1342222862
1342222864
1342222865
1342222866
1342222867
1342222868
1342222869
1342222872
1342222873
1342222874
1342222879
1342222880
1342222881
1342222883
1342222884
1342222885
1342222886
1342222887
1342222888
1342222889
1342222890
1342222891
1342222892
1342222893
1342222894
1342222895
1342222896
1342222897
1342222898
1342222899
1342222900
1342222901
1342222902
1342222903
1342222904
1342222905
1342223211
1342223221
1342223222
1342223223
1342223224
1342223226
1342223227
1342223228
1342223229
1342223230
1342223231
1342223232
1342223233
1342223234
1342223235
1342223236
1342223237
1342223238
1342223239
1342223240
1342223241
1342223242
1342223243
1342223244
1342223245
1342223246
1342223247
1342223248
1342223249
1342223250
1342223251
1342223252
1342223253
1342223254
1342223255
1342223256
1342223257
1342223258
1342223259
1342223260
1342223261
1342223262
1342223263
1342224021
1342224022
1342224023
1342224025
1342224027
1342224035
1342224036
1342224037
1342224144
1342224145
1342224146
1342224147
1342224148
1342224149
1342224747
1342224748
1342224749
1342224750
1342224751
1342224752
1342224753
1342224754
1342224755
1342224756
1342224757
1342224758
1342224759
1342224762
1342224763
1342224764
1342224765
1342224766
1342224767
1342224768
1342224769
1342224770
1342224962
1342224963
1342224964
1342224965
1342224966
1342224967
1342224968
1342224969
1342224970
1342224971
1342224972
1342224973
1342224974
1342224975
1342224976
1342224978
1342224979
1342224980
1342224981
1342224982
1342224983
1342224984
1342224985
1342224986
1342224987
1342224992
1342224993
1342226625
1342226626
1342226627
1342226628
1342226629
1342226630
1342226632
1342226633
1342226634
1342226635
1342226636
1342226637
1342226638
1342226639
1342226640
1342226641
1342226642
1342226643
1342226644
1342226645
1342226646
1342226647
1342226648
1342226649
1342226656
1342226657
1342226658
1342226659
1342226967
1342226968
1342226969
1342226970
1342226971
1342226972
1342226973
1342226974
1342226975
1342226976
1342226977
1342226978
1342226979
1342226980
1342226981
1342226982
1342226983
1342226984
1342226985
1342226986
1342226987
1342226988
1342226989
1342226990
1342226991
1342226992
1342226993
1342226994
1342226998
1342226999
1342227000
1342227002
1342227003
1342227449
1342227450
1342227451
1342227452
1342227453
1342227454
1342227455
1342227456
1342227457
1342227458
1342227459
1342227460
1342227472
1342227516
1342227517
1342227518
1342227519
1342227520
1342227521
1342227522
1342227645
1342227646
1342227647
1342227648
1342227649
1342227650
1342227651
1342227652
1342227653
1342227654
1342227655
1342227656
1342227657
1342227658
1342227659
1342227660
1342227661
1342227662
1342227663
1342227664
1342227665
1342227666
1342227667
1342227668
1342227669
1342227670
1342227671
1342227672
1342227673
1342227674
1342227675
1342227676
1342227677
1342227678
1342227679
1342227680
1342227681
1342227682
1342227683
1342227684
1342227685
1342227686
1342227687
1342227688
1342227689
1342227690
1342227691
1342227692
1342227693
1342227695
1342227696
1342227697
1342227698
1342227699
1342227700
1342227701
1342227702
1342227703
1342227704
1342227705
1342227706
1342227707
1342227708
1342227709
1342227710
1342227711
1342227712
1342227713
1342227714
1342227715
1342227716
1342227717
1342227718
1342227719
1342227720
1342227721
1342227722
1342227723
1342227724
1342227725
1342227726
1342227727
1342227728
1342227729
1342227730
1342227731
1342227732
1342227733
1342227734
1342227735
1342227736
1342227737
1342227738
1342227739
1342227740
1342227741
1342227742
1342227743
1342227744
1342227745
1342227746
1342227747
1342227748
1342227749
1342227777
1342227778
1342227779
1342227780
1342227781
1342227782
1342227783
1342227784
1342227785
1342227786
1342227787
1342227788
1342227789
1342227790
1342227791
1342227792
1342227794
1342228341
1342228342
1342228343
1342228344
1342228345
1342228346
1342228347
1342228348
1342228349
1342228350
1342228351
1342228352
1342228353
1342228355
1342228356
1342228358
1342228698
1342228699
1342228700
1342228701
1342228702
1342228703
1342228704
1342228705
1342228706
1342228707
1342228708
1342228728
1342228729
1342228730
1342228731
1342228732
1342228733
1342228734
1342228735
1342228736
1342228737
1342228738
1342228739
1342228740
1342228741
1342228742
1342228743
1342228744
1342228745
1342228746
1342228747
1342228748
1342229099
1342229100
1342229101
1342229102
1342229103
1342229104
1342229105
1342229106
1342229107
1342229108
1342229109
1342229110
1342229111
1342229112
1342229113
1342229114
1342229115
1342229116
1342229117
1342229118
1342229119
1342229120
1342229121
1342229122
1342229123
1342229124
1342229125
1342229126
1342229127
1342229128
1342229129
1342229130
1342229131
1342229132
1342229133
1342229134
1342229135
1342229136
1342229137
1342229138
1342229139
1342229140
1342229141
1342229142
1342229143
1342229144
1342229145
1342229146
1342229147
1342229148
1342229149
1342229150
1342229151
1342229152
1342229153
1342229154
1342229155
1342229156
1342229157
1342229158
1342229159
1342229160
1342229161
1342229162
1342229163
1342229164
1342229165
1342229166
1342229167
1342229168
1342229169
1342229170
1342229171
1342229172
1342229173
1342229174
1342229175
1342229176
1342229177
1342229178
1342229179
1342229180
1342229181
1342229182
1342229183
1342229184
1342229185
1342229186
1342229187
1342229188
1342229189
1342229190
1342229191
1342229192
1342229193
1342229194
1342229195
1342229196
1342229197
1342229198
1342229199
1342229200
1342229201
1342229202
1342229203
1342229204
1342229205
1342229206
1342229207
1342229208
1342229209
1342229210
1342229211
1342229212
1342229213
1342229214
1342229215
1342229216
1342229217
1342229218
1342229219
1342229220
1342229221
1342229222
1342229223
1342229224
1342229225
1342229226
1342229227
1342229228
1342229229
1342229230
1342229231
1342229232
1342229233
1342229234
1342229235
1342229236
1342229237
1342229238
1342229239
1342229240
1342229241
1342229242
1342229243
1342229463
1342229464
1342229465
1342229466
1342229467
1342229468
1342229469
1342229470
1342229471
1342229472
1342229473
1342229474
1342229475
1342229476
1342229477
1342229478
1342229479
1342229480
1342229481
1342229482
1342229483
1342229484
1342229485
1342229486
1342229487
1342229488
1342229489
1342229490
1342229491
1342229492
1342229493
1342229494
1342229495
1342229496
1342229497
1342229498
1342229499
1342229500
1342229501
1342229502
1342229503
1342229504
1342229505
1342229506
1342229507
1342229508
1342229509
1342229510
1342229511
1342229512
1342229513
1342229514
1342229515
1342229516
1342229517
1342229518
1342229519
1342229520
1342229521
1342229522
1342229523
1342229524
1342229525
1342229526
1342229527
1342229528
1342229529
1342229530
1342229531
1342229532
1342229533
1342229534
1342229535
1342229536
1342229537
1342229538
1342229539
1342229540
1342229541
1342229542
1342229543
1342229544
1342229545
1342229546
1342229547
1342229548
1342229549
1342229550
1342229551
1342229552
1342229553
1342229554
1342229555
1342229556
1342229557
1342229558
1342229559
1342229560
1342229561
1342229562
1342229563
1342229564
1342229565
1342229566
1342229567
1342229568
1342229569
1342229570
1342229571
1342229572
1342229573
1342229574
1342229575
1342229576
1342229577
1342229578
1342229579
1342229580
1342229581
1342229582
1342229583
1342229584
1342229585
1342229586
1342229587
1342229588
1342229589
1342229590
1342229591
1342229592
1342229593
1342229594
1342229595
1342229596
1342229597
1342229598
1342229599
1342229600
1342229601
1342229602
1342229603
1342229604
1342229605
1342229606
1342229607
1342229608
1342229609
1342229610
1342229611
1342229612
1342229613
1342229614
1342229615
1342229616
1342229617
1342229618
1342229619
1342229620
1342229621
1342229622
1342229623
1342229624
1342229625
1342229626
1342229627
1342229628
1342229629
1342229630
1342229631
1342229632
1342229633
1342229634
1342229635
1342229636
1342229637
1342229638
1342229639
1342229640
1342229641
1342229642
1342229643
1342229644
1342229645
1342229646
1342229647
1342229648
1342229649
1342229650
1342229651
1342229652
1342229653
1342229654
1342229655
1342229656
1342229657
1342229658
1342229659
1342229660
1342229661
1342229662
1342229663
1342229664
1342229665
1342229666
1342229667
1342229668
1342229669
1342229670
1342229671
1342229672
1342229673
1342229674
1342229675
1342229676
1342229677
1342229678
1342230412
1342230413
1342230414
1342230415
1342230416
1342230417
1342230418
1342230419
1342230420
1342230421
1342230737
1342230738
1342230739
1342230740
1342230741
1342230742
1342230743
1342230744
1342230745
1342230746
1342230747
1342230748
1342230749
1342230750
1342230751
1342230752
1342230753
1342230754
1342230755
1342230756
1342230757
1342230758
1342230759
1342230760
1342230761
1342230762
1342230763
1342230764
1342230765
1342230766
1342230767
1342230768
1342230769
1342230770
1342230771
1342230772
1342230773
1342230774
1342230775
1342230776
1342230777
1342230778
1342230779
1342230780
1342230781
1342230782
1342230783
1342230784
1342230785
1342230786
1342230787
1342230788
1342230789
1342230790
1342230791
1342230792
1342230793
1342230794
1342230795
1342230796
1342230797
1342230798
1342230799
1342230800
1342230801
1342230802
1342230803
1342230804
1342230805
1342230806
1342230807
1342230808
1342230809
1342230810
1342230811
1342230812
1342230813
1342230814
1342230815
1342230816
1342230817
1342230818
1342230819
1342230820
1342230821
1342230822
1342230823
1342230824
1342230825
1342230826
1342230827
1342230828
1342230829
1342230830
1342230831
1342230832
1342230833
1342230834
1342230835
1342230836
1342230837
1342230838
1342230839
1342230840
1342230841
1342230842
1342230843
1342230844
1342230845
1342230846
1342230847
1342230848
1342230849
1342230850
1342230851
1342230852
1342230853
1342230854
1342230855
1342230856
1342230857
1342230858
1342230859
1342230860
1342230861
1342230862
1342230863
1342230864
1342230865
1342230866
1342230867
1342230868
1342230869
1342230870
1342230871
1342230872
1342230873
1342230874
1342230875
1342230876
1342230877
1342230878
1342230879
1342230880
1342230881
1342230882
1342231038
1342231039
1342231040
1342231041
1342231042
1342231043
1342231044
1342231045
1342231046
1342231047
1342231048
1342231049
1342231050
1342231051
1342231052
1342231053
1342231056
1342231057
1342231058
1342231059
1342231060
1342231061
1342231062
1342231063
1342231064
1342231065
1342231066
1342231067
1342231068
1342231069
1342231070
1342231071
1342231072
1342231073
1342231074
1342231075
1342231076
1342231077
1342231078
1342231079
1342231080
1342231081
1342231082
1342231083
1342231084
1342231085
1342231086
1342231330
1342231331
1342231332
1342231333
1342231334
1342231335
1342231344
1342231345
1342231346
1342231347
1342231348
1342231349
1342231351
1342231352
1342231353
1342231354
1342231355
1342231356
1342231357
1342231840
1342231841
1342231842
1342231843
1342231844
1342231845
1342231846
1342231847
1342231971
1342231972
1342231973
1342231974
1342231975
1342231976
1342231977
1342231978
1342231979
1342231980
1342231981
1342231982
1342231984
1342231985
1342231986
1342231987
1342231988
1342231989
1342231990
1342231991
1342231992
1342231993
1342231994
1342231995
1342232337
1342232338
1342232339
1342232340
1342232341
1342232342
1342232344
1342232345
1342232346
1342232347
1342232348
1342232349
1342232350
1342232351
1342232352
1342232353
1342232354
1342232355
1342232356
1342232357
1342232358
1342232359
1342232360
1342232361
1342232362
1342232363
1342232364
1342232365
1342232366
1342232367
1342232368
1342232369
1342232370
1342232371
1342232372
1342232373
1342232374
1342232703
1342232704
1342232705
1342232706
1342232707
1342232708
1342232709
1342232710
1342232711
1342232712
1342232713
1342232714
1342232715
1342232716
1342232717
1342232718
1342232719
1342232720
1342232721
1342232722
1342232723
1342232724
1342233315
1342233316
1342233317
1342233319
1342233320
1342233321
1342233322
1342233323
1342233324
1342233325
1342233326
1342233327
1342233328
1342233329
1342233330
1342233331
1342233332
1342233333
1342233334
1342233335
1342233336
1342233337
1342233338
1342233339
1342233340
1342233341
1342233777
1342233778
1342233779
1342233780
1342233781
1342233782
1342233783
1342233784
1342233785
1342233786
1342233787
1342233788
1342233789
1342233790
1342233791
1342233792
1342233794
1342233795
1342233821
1342233822
1342233823
1342233824
1342233825
1342233826
1342233827
1342233828
1342233829
1342233830
1342233831
1342233832
1342233833
1342234666
1342234667
1342234668
1342234669
1342234670
1342234671
1342234672
1342234673
1342234674
1342234675
1342234676
1342234677
1342234678
1342234679
1342234680
1342234681
1342234682
1342234683
1342234684
1342234685
1342234686
1342234687
1342234688
1342234689
1342234690
1342234691
1342234692
1342234693
1342234694
1342234695
1342234696
1342234697
1342234698
1342234699
1342234700
1342234701
1342234702
1342234703
1342234704
1342234705
1342234706
1342234707
1342234708
1342234709
1342234710
1342234711
1342234712
1342234713
1342234714
1342234715
1342234716
1342234717
1342234718
1342234719
1342234720
1342234721
1342234722
1342234723
1342234724
1342234725
1342234726
1342234727
1342234728
1342234729
1342234730
1342234731
1342234732
1342234733
1342234734
1342234735
1342234736
1342234737
1342234738
1342234739
1342234740
1342234741
1342234742
1342234743
1342234744
1342234745
1342234746
1342234747
1342234748
1342234749
1342234750
1342234751
1342234752
1342234753
1342234754
1342234755
1342234756
1342234757
1342234758
1342234759
1342234760
1342234761
1342234762
1342234763
1342234764
1342234765
1342234766
1342234767
1342234773
1342234774
1342234775
1342234776
1342234777
1342234778
1342234779
1342234780
1342234781
1342234782
1342234783
1342234784
1342234785
1342234786
1342234787
1342234788
1342234789
1342234790
1342234791
1342234792
1342234793
1342234794
1342234795
1342234796
1342234797
1342234798
1342234799
1342234800
1342234801
1342234802
1342234803
1342234804
1342234805
1342234806
1342234807
1342234808
1342234809
1342234810
1342234811
1342234812
1342234813
1342234814
1342234815
1342234816
1342234817
1342234818
1342234819
1342234820
1342234821
1342234822
1342234823
1342234824
1342234825
1342234826
1342234827
1342234828
1342234829
1342234830
1342234831
1342234832
1342234833
1342234834
1342234835
1342234836
1342234837
1342234838
1342234839
1342234840
1342234841
1342234842
1342234843
1342234844
1342234845
1342234846
1342234847
1342234848
1342234849
1342234850
1342234851
1342234852
1342234853
1342234854
1342234855
1342234856
1342234857
1342234858
1342234859
1342234860
1342234861
1342234862
1342234863
1342234864
1342234865
1342234866
1342234867
1342234868
1342234869
1342234870
1342234871
1342234872
1342234873
1342234874
1342234875
1342234876
1342234877
1342234878
1342234879
1342234880
1342234881
1342234882
1342234883
1342234884
1342234885
1342234886
1342234887
1342234888
1342234889
1342234890
1342234891
1342234892
1342234893
1342234894
1342234895
1342234896
1342234897
1342234898
1342234899
1342234900
1342234901
1342234902
1342234903
1342234904
1342234905
1342234906
1342234907
1342234908
1342234909
1342234910
1342234911
1342234912
1342234913
1342234914
1342234915
1342234916
1342234917
1342234918
1342234919
1342234920
1342234921
1342234922
1342234923
1342234924
1342234925
1342234926
1342234927
1342234928
1342234929
1342234930
1342234931
1342236129
1342236130
1342236131
1342236132
1342236133
1342236134
1342236135
1342236136
1342236137
1342236138
1342236139
1342236140
1342236141
1342236142
1342236143
1342236144
1342236145
1342236146
1342236147
1342236148
1342236149
1342236150
1342236151
1342236152
1342236153
1342236154
1342236155
1342236156
1342236157
1342236158
1342236159
1342236160
1342236161
1342236162
1342236163
1342236164
1342236165
1342236166
1342236167
1342236168
1342236169
1342236170
1342236171
1342236172
1342236173
1342236174
1342236175
1342236176
1342236177
1342236178
1342236179
1342236180
1342236181
1342236182
1342236183
1342236184
1342236185
1342236186
1342236187
1342236188
1342236189
1342236190
1342236191
1342236192
1342236193
1342236194
1342236195
1342236196
1342236197
1342236198
1342236199
1342236200
1342236201
1342236202
1342236203
1342236204
1342236205
1342236206
1342236207
1342236208
1342236209
1342236210
1342236211
1342236212
1342236213
1342236214
1342236215
1342236216
1342236217
1342236218
1342236219
1342236220
1342236221
1342236222
1342236223
1342236224
1342236225
1342236226
1342236227
1342236228
1342236229
1342236230
1342236231
1342236232
1342236234
1342236235
1342236236
1342236237
1342236240
1342236241
1342236242
1342236243
1342236244
1342236245
1342236246
1342236247
1342236248
1342236249
1342236250
1342236251
1342236252
1342236253
1342236254
1342236255
1342236256
1342236257
1342236258
1342236259
1342236993
1342236994
1342236995
1342236996
1342236997
1342236998
1342236999
1342237000
1342237001
1342237002
1342237003
1342237004
1342237005
1342237006
1342237007
1342237008
1342237010
1342237013
1342237014
1342237015
1342237016
1342237017
1342237018
1342237019
1342237020
1342237021
1342237022
1342237023
1342237024
1342237025
1342237026
1342237027
1342237028
1342237029
1342237498
1342237499
1342237500
1342237501
1342237502
1342237503
1342237504
1342237505
1342237506
1342237507
1342237508
1342237509
1342237510
1342237511
1342237512
1342237513
1342237514
1342237515
1342237516
1342237517
1342237518
1342237519
1342237520
1342237521
1342237522
1342237523
1342237524
1342237525
1342237526
1342237527
1342237528
1342237529
1342237530
1342237531
1342237532
1342237533
1342237534
1342237535
1342237536
1342237537
1342237538
1342237539
1342237540
1342237541
1342237542
1342237543
1342237544
1342237545
1342237546
1342237547
1342237548
1342237549
1342237550
1342237551
1342237553
1342237554
1342237555
1342237556
1342237557
1342237558
1342237559
1342237560
1342237561
1342237562
1342237563
1342238240
1342238241
1342238242
1342238243
1342238244
1342238245
1342238246
1342238251
1342238252
1342238253
1342238254
1342238255
1342238256
1342238257
1342238258
1342238259
1342238260
1342238261
1342238262
1342238263
1342238264
1342238265
1342238266
1342238267
1342238268
1342238269
1342238270
1342238271
1342238272
1342238273
1342238274
1342238275
1342238276
1342238277
1342238278
1342238279
1342238280
1342238281
1342238282
1342238283
1342238284
1342238285
1342238286
1342238287
1342238288
1342238289
1342238290
1342238291
1342238292
1342238293
1342238294
1342238295
1342238296
1342238297
1342238298
1342238299
1342238300
1342238301
1342238302
1342238303
1342238304
1342238305
1342238306
1342238307
1342238308
1342238309
1342238310
1342238311
1342238312
1342238313
1342238314
1342238315
1342238316
1342238317
1342238318
1342238319
1342238320
1342238321
1342238322
1342238323
1342238324
1342238325
1342238326
1342238327
1342238328
1342238329
1342238330
1342238331
1342238332
1342238333
1342238334
1342238335
1342238336
1342238337
1342238338
1342238339
1342238341
1342238696
1342238697
1342238698
1342238699
1342238700
1342238701
1342238702
1342238703
1342238704
1342238706
1342238707
1342238708
1342238709
1342238710
1342238711
1342238712
1342238713
1342239053
1342239262
1342239265
1342239266
1342239267
1342239268
1342239269
1342239270
1342239271
1342239272
1342239273
1342239274
1342239275
1342239282
1342239283
1342239337
1342239338
1342239339
1342239340
1342239341
1342239342
1342239343
1342239344
1342239345
1342239346
1342239347
1342239348
1342239349
1342239350
1342239352
1342239353
1342239354
1342239355
1342239356
1342239357
1342239358
1342239359
1342239360
1342239361
1342239362
1342239773
1342239774
1342239775
1342239776
1342239777
1342239778
1342239779
1342239780
1342239781
1342239782
1342239783
1342239784
1342239785
1342239786
1342239787
1342239788
1342239789
1342239790
1342239791
1342239792
1342239793
1342239794
1342239795
1342239796
1342239797
1342239798
1342239799
1342239800
1342239801
1342239802
1342239803
1342239804
1342239805
1342239806
1342239807
1342239808
1342239809
1342239810
1342239811
1342239812
1342239813
1342239814
1342239815
1342239816
1342239817
1342239818
1342239819
1342239820
1342239821
1342239822
1342239823
1342239824
1342239825
1342239826
1342239827
1342239828
1342239829
1342239830
1342239831
1342239832
1342239833
1342239834
1342239835
1342239836
1342239837
1342239838
1342239839
1342239840
1342239841
1342239842
1342239843
1342239844
1342239845
1342239846
1342239847
1342239848
1342239849
1342239850
1342239851
1342239852
1342239853
1342239854
1342239855
1342239856
1342239857
1342239858
1342239859
1342239860
1342239861
1342239862
1342239863
1342239864
1342239865
1342239866
1342239867
1342239868
1342239869
1342239870
1342239871
1342239872
1342239873
1342239874
1342239875
1342239876
1342239877
1342239878
1342239879
1342239880
1342239881
1342239882
1342239883
1342239884
1342239885
1342239886
1342239887
1342239888
1342239889
1342239890
1342239891
1342239892
1342239893
1342239894
1342239895
1342239896
1342239897
1342239898
1342239899
1342239900
1342239902
1342239903
1342239904
1342239905
1342239906
1342239907
1342239908
1342239909
1342239910
1342239911
1342239912
1342239913
1342239914
1342239915
1342239916
1342239917
1342239918
1342239919
1342239920
1342239921
1342239922
1342239923
1342239924
1342239925
1342239926
1342239927
1342239928
1342239929
1342239930
1342239931
1342239932
1342239933
1342239934
1342239935
1342239936
1342239937
1342239938
1342239939
1342239940
1342239941
1342239942
1342239943
1342239944
1342239945
1342239946
1342239947
1342239948
1342239949
1342239950
1342239951
1342239952
1342239953
1342239954
1342239955
1342239956
1342239957
1342239958
1342239959
1342239960
1342239961
1342239962
1342239963
1342239964
1342239965
1342239966
1342239967
1342239968
1342239969
1342239970
1342239971
1342239972
1342239973
1342239974
1342239975
1342239976
1342239977
1342239978
1342239979
1342239980
1342239981
1342239982
1342239983
1342239984
1342239985
1342239986
1342239987
1342239988
1342239989
1342239990
1342239991
1342239992
1342239993
1342239994
1342239995
1342239996
1342239997
1342239998
1342239999
1342240000
1342240001
1342240002
1342240003
1342240004
1342240005
1342240006
1342240013
1342240014
1342240015
1342240016
1342240017
1342240018
1342240019
1342240020
1342240021
1342240022
1342240025
1342240026
1342240027
1342240028
1342240029
1342240030
1342240031
1342240032
1342240033
1342240034
1342240035
1342240036
1342240037
1342240038
1342240039
1342240040
1342240041
1342240042
1342240043
1342240044
1342240045
1342240046
1342240047
1342240048
1342240049
1342240050
1342240051
1342240052
1342240053
1342240054
1342240055
1342240056
1342240057
1342240058
1342240059
1342240060
1342240061
1342240062
1342240063
1342240064
1342240065
1342240066
1342240067
1342240068
1342240069
1342240070
1342240071
1342240072
1342240073
1342240074
1342240075
1342240076
1342240077
1342240078
1342240079
1342240080
1342240081
1342240082
1342240083
1342240084
1342240085
1342240086
1342240087
1342240088
1342240089
1342240090
1342240091
1342240092
1342240093
1342240094
1342240095
1342240096
1342240097
1342240098
1342240099
1342240100
1342240101
1342240102
1342240103
1342240104
1342240105
1342240106
1342240107
1342240108
1342240109
1342240110
1342240111
1342240112
1342240113
1342240114
1342240115
1342240116
1342240117
1342240118
1342240119
1342240120
1342240121
1342240122
1342240123
1342240124
1342240125
1342240126
1342240127
1342240128
1342240277
1342240281
1342240282
1342240283
1342240284
1342240285
1342240286
1342240287
1342240288
1342240289
1342240290
1342240291
1342240292
1342240293
1342240294
1342240295
1342240296
1342240297
1342240298
1342240299
1342240300
1342240301
1342240302
1342240303
1342240304
1342240305
1342240306
1342240307
1342240308
1342240309
1342240310
1342240311
1342240312
1342240313
1342240315
1342240318
1342240319
1342241076
1342241077
1342241078
1342241079
1342241080
1342241081
1342241082
1342241083
1342241084
1342241085
1342241086
1342241087
1342241088
1342241089
1342241090
1342241091
1342241092
1342241093
1342241094
1342241095
1342241096
1342241097
1342241098
1342241099
1342241100
1342241101
1342241102
1342241103
1342241104
1342241105
1342241106
1342241107
1342241108
1342241109
1342241110
1342241111
1342241112
1342241113
1342241114
1342241115
1342241116
1342241117
1342241118
1342241119
1342241120
1342241121
1342241122
1342241123
1342241124
1342241125
1342241126
1342241127
1342241128
1342241129
1342241130
1342241131
1342241132
1342241133
1342241134
1342241135
1342241136
1342241137
1342241138
1342241139
1342241140
1342241141
1342241142
1342241143
1342241144
1342241145
1342241146
1342241147
1342241148
1342241149
1342241150
1342241151
1342241152
1342241153
1342241154
1342241155
1342241156
1342241157
1342241158
1342241159
1342241160
1342241161
1342241162
1342241163
1342241164
1342241165
1342241166
1342241167
1342241168
1342241169
1342241170
1342241171
1342241172
1342242588
1342242589
1342242590
1342242591
1342242592
1342242593
1342242594
1342242595
1342242596
1342242597
1342242598
1342242599
1342242600
1342242619
1342242620
1342242621
1342242622
1342242623
1342242624
1342242626
1342243591
1342243592
1342243593
1342243594
1342243595
1342243596
1342243597
1342243598
1342243599
1342243600
1342243601
1342243602
1342243603
1342243604
1342243605
1342243606
1342243607
1342243608
1342243609
1342243610
1342243611
1342243612
1342243613
1342243614
1342243615
1342243616
1342243617
1342243618
1342243619
1342243620
1342243621
1342243623
1342243624
1342243625
1342243626
1342243627
1342243628
1342243629
1342243630
1342243631
1342243632
1342243633
1342243634
1342243635
1342243636
1342243637
1342243638
1342243639
1342243640
1342243641
1342243642
1342244143
1342244144
1342244145
1342244146
1342244147
1342244148
1342244149
1342244150
1342244151
1342244152
1342244153
1342244154
1342244155
1342244156
1342244157
1342244158
1342244159
1342244160
1342244161
1342244162
1342244163
1342244164
1342244172
1342244173
1342244174
1342244175
1342244176
1342244177
1342244178
1342244179
1342244193
1342244194
1342244195
1342244196
1342244197
1342244198
1342244199
1342244200
1342244201
1342244202
1342244837
1342244838
1342244839
1342244840
1342244841
1342244842
1342244843
1342244844
1342244845
1342244855
1342244856
1342244857
1342244858
1342244859
1342244860
1342245074
1342245075
1342245076
1342245077
1342245078
1342245079
1342245080
1342245081
1342245082
1342245083
1342245084
1342245085
1342245086
1342245087
1342245088
1342245089
1342245090
1342245091
1342245092
1342245093
1342245094
1342245095
1342245096
1342245097
1342245106
1342245107
1342245108
1342245109
1342245110
1342245111
1342245112
1342245113
1342245114
1342245115
1342245116
1342245117
1342245118
1342245119
1342245120
1342245121
1342245122
1342245123
1342245124
1342245125
1342245126
1342245127
1342245133
1342245134
1342245144
1342245152
1342245153
1342245154
1342245155
1342245156
1342245157
1342245158
1342245159
1342245412
1342245413
1342245414
1342245415
1342245416
1342245417
1342245419
1342245420
1342245421
1342245422
1342245423
1342245424
1342245425
1342245426
1342245427
1342245428
1342245429
1342245430
1342245431
1342245432
1342245433
1342245434
1342245435
1342245436
1342245437
1342245438
1342245510
1342245511
1342245512
1342245513
1342245514
1342245516
1342245517
1342245518
1342245519
1342245520
1342245521
1342245522
1342245523
1342245524
1342245525
1342245526
1342245527
1342245528
1342245529
1342245530
1342245531
1342245532
1342245533
1342245534
1342245535
1342245536
1342245537
1342245538
1342245539
1342245540
1342245541
1342245542
1342245543
1342245544
1342245545
1342245546
1342245547
1342245548
1342245549
1342245550
1342245551
1342245552
1342245553
1342245554
1342245555
1342245556
1342245557
1342245558
1342245559
1342245560
1342245561
1342245562
1342245563
1342245564
1342245565
1342245566
1342245567
1342245568
1342245569
1342245570
1342245571
1342245572
1342245573
1342245574
1342245575
1342245576
1342245577
1342245578
1342245579
1342245580
1342245581
1342245842
1342245843
1342245844
1342245845
1342245846
1342245847
1342245848
1342245849
1342245850
1342245851
1342245852
1342245853
1342245854
1342245855
1342245856
1342245857
1342245858
1342245860
1342245861
1342245862
1342245863
1342245864
1342245865
1342245866
1342245867
1342245868
1342245869
1342245870
1342245871
1342245872
1342245873
1342245901
1342245902
1342245903
1342245904
1342245905
1342245906
1342245912
1342245913
1342245914
1342245915
1342245916
1342245917
1342245918
1342245919
1342245920
1342245921
1342245922
1342245923
1342245924
1342245925
1342245926
1342245927
1342246253
1342246254
1342246255
1342246256
1342246257
1342246258
1342246259
1342246260
1342246261
1342246262
1342246263
1342246264
1342246265
1342246266
1342246268
1342246269
1342246270
1342246271
1342246272
1342246273
1342246274
1342246275
1342246276
1342246277
1342246278
1342246279
1342246280
1342246281
1342246282
1342246283
1342246284
1342246285
1342246286
1342246287
1342246288
1342246289
1342246573
1342246574
1342246575
1342246576
1342246577
1342246578
1342246579
1342246580
1342246581
1342246582
1342246583
1342246584
1342246585
1342246586
1342246587
1342246588
1342246589
1342246590
1342246591
1342246592
1342246593
1342246594
1342246595
1342246596
1342246597
1342246598
1342246599
1342246600
1342246601
1342246602
1342246603
1342246604
1342246605
1342246606
1342246607
1342246608
1342246609
1342246610
1342246611
1342246612
1342246613
1342246614
1342246615
1342246616
1342246617
1342246618
1342246619
1342246620
1342246622
1342246623
1342246624
1342246625
1342246626
1342246627
1342246628
1342246629
1342246630
1342246631
1342246632
1342246971
1342246972
1342246973
1342246974
1342246975
1342246976
1342246977
1342246978
1342246979
1342246980
1342246981
1342246982
1342246983
1342246984
1342246985
1342246986
1342246988
1342246989
1342246990
1342246991
1342246992
1342246993
1342246994
1342246995
1342247096
1342247097
1342247098
1342247099
1342247100
1342247101
1342247102
1342247103
1342247104
1342247105
1342247106
1342247107
1342247108
1342247109
1342247110
1342247111
1342247113
1342247115
1342247116
1342247117
1342247118
1342247119
1342247120
1342247121
1342247122
1342247123
1342247124
1342247211
1342247212
1342247213
1342247214
1342247215
1342247216
1342247217
1342247218
1342247219
1342247220
1342247221
1342247222
1342247223
1342247224
1342247225
1342247226
1342247228
1342247229
1342247230
1342247231
1342247232
1342247233
1342247234
1342247235
1342247236
1342247237
1342247238
1342247239
1342247240
1342247241
1342247242
1342247243
1342247244
1342247245
1342247246
1342247247
1342247248
1342247249
1342247250
1342247251
1342247252
1342247253
1342247254
1342247255
1342247256
1342247257
1342247258
1342247259
1342247260
1342247261
1342247262
1342247263
1342247264
1342247265
1342247266
1342247267
1342247268
1342247269
1342247270
1342247271
1342247272
1342247273
1342247274
1342247275
1342247276
1342247277
1342247278
1342247279
1342247280
1342247281
1342247282
1342247283
1342247558
1342247559
1342247560
1342247561
1342247562
1342247563
1342247564
1342247565
1342247566
1342247567
1342247568
1342247569
1342247570
1342247571
1342247572
1342247573
1342247574
1342247575
1342247576
1342247577
1342247604
1342247605
1342247606
1342247607
1342247608
1342247609
1342247610
1342247611
1342247612
1342247613
1342247614
1342247615
1342247616
1342247617
1342247618
1342247619
1342247620
1342247621
1342247622
1342247623
1342247624
1342247625
1342247626
1342247743
1342247744
1342247745
1342247746
1342247747
1342247748
1342247749
1342247750
1342247751
1342247752
1342247753
1342247754
1342247755
1342247756
1342247758
1342247759
1342247760
1342247761
1342247762
1342247763
1342247764
1342247765
1342247766
1342247767
1342247768
1342247769
1342247857
1342247858
1342247859
1342247860
1342247861
1342247862
1342247863
1342247864
1342247865
1342247866
1342247867
1342247868
1342247869
1342247870
1342247871
1342247872
1342247873
1342247874
1342247875
1342247876
1342247877
1342247878
1342247879
1342247880
1342247881
1342247882
1342247883
1342247884
1342247885
1342247886
1342247887
1342247888
1342247889
1342247890
1342247891
1342247892
1342247893
1342247894
1342247955
1342247956
1342247957
1342247958
1342247959
1342247960
1342247961
1342247962
1342247963
1342247964
1342247965
1342247966
1342247967
1342247968
1342247969
1342247970
1342247971
1342247972
1342247973
1342247974
1342247975
1342247976
1342247977
1342247978
1342247979
1342247980
1342247981
1342247982
1342247983
1342247984
1342247985
1342247986
1342247987
1342247988
1342247989
1342247990
1342247991
1342247992
1342247993
1342247994
1342247995
1342247996
1342247997
1342247998
1342247999
1342248000
1342248001
1342248002
1342248003
1342248004
1342248005
1342248006
1342248226
1342248227
1342248228
1342248229
1342248230
1342248231
1342248232
1342248233
1342248234
1342248235
1342248236
1342248237
1342248239
1342248240
1342248241
1342248242
1342248243
1342248244
1342248245
1342248246
1342248247
1342248248
1342248249
1342248250
1342248251
1342248252
1342248253
1342248411
1342248412
1342248413
1342248414
1342248415
1342248416
1342248417
1342248418
1342248419
1342248420
1342248421
1342248476
1342248477
1342248478
1342248479
1342248480
1342248481
1342248482
1342248483
1342248484
1342248485
1342248486
1342248487
1342248488
1342248489
1342248490
1342248491
1342248492
1342248493
1342248494
1342248495
1342248496
1342248497
1342248498
1342248499
1342248500
1342248501
1342248502
1342249041
1342249042
1342249043
1342249044
1342249045
1342249046
1342249047
1342249048
1342249049
1342249050
1342249051
1342249052
1342249053
1342249054
1342249055
1342249056
1342249063
1342249064
1342249065
1342249066
1342249067
1342249068
1342249069
1342249070
1342249071
1342249072
1342249082
1342249083
1342249090
1342249097
1342249098
1342249099
1342249100
1342249101
1342249102
1342249103
1342249104
1342249105
1342249106
1342249107
1342249108
1342249109
1342249110
1342249111
1342249112
1342249117
1342249118
1342249119
1342249223
1342249224
1342249225
1342249226
1342249227
1342249228
1342249235
1342249236
1342249237
1342249238
1342249242
1342249243
1342249244
1342249247
1342249248
1342249249
1342249250
1342249251
1342249252
1342249255
1342249256
1342249257
1342249258
1342249259
1342249260
1342249261
1342249450
1342249451
1342249452
1342249453
1342249454
1342249455
1342249456
1342249457
1342249458
1342249459
1342249461
1342249462
1342249463
1342249464
1342249465
1342249466
1342249467
1342249470
1342249471
1342249472
1342249473
1342249474
1342249475
1342249476
1342249477
1342249478
1342249479
1342249480
1342249484
1342250236
1342250322
1342250323
1342250324
1342250325
1342250344
1342250345
1342250346
1342250347
1342250348
1342250349
1342250350
1342250495
1342250496
1342250497
1342250498
1342250499
1342250500
1342250501
1342250502
1342250503
1342250504
1342250505
1342250506
1342250507
1342250508
1342250509
1342250510
1342250511
1342250512
1342250513
1342250514
1342250515
1342250516
1342250517
1342250518
1342250519
1342250520
1342250521
1342250523
1342250524
1342250525
1342250526
1342250527
1342250528
1342250529
1342250530
1342250531
1342250532
1342250533
1342250534
1342250535
1342250536
1342250537
1342250558
1342250612
1342250617
1342250621
1342250622
1342250623
1342250628
1342250629
1342250637
1342250642
1342250643
1342250654
1342250758
1342250779
1342250780
1342250783
1342250786
1342250787
1342250788
1342250802
1342250803
1342250804
1342250805
1342250806
1342250807
1342250818
1342251280
1342251281
1342251282
1342251283
1342251284
1342251285
1342251286
1342251287
1342251288
1342251289
1342251290
1342251291
1342251292
1342251293
1342251294
1342251295
1342251296
1342251297
1342251298
1342251299
1342251300
1342251301
1342251302
1342251303
1342251304
1342251306
1342251307
1342251308
1342251309
1342251310
1342251311
1342251312
1342251313
1342251314
1342251315
1342251316
1342251317
1342251318
1342251319
1342251320
1342251321
1342251322
1342251323
1342251324
1342251325
1342251326
1342251327
1342251328
1342251329
1342251330
1342251331
1342251332
1342251333
1342251334
1342251335
1342251336
1342251687
1342251902
1342251903
1342251904
1342251905
1342251906
1342251907
1342251908
1342251909
1342251910
1342251914
1342251919
1342251924
1342251925
1342251934
1342251935
1342251936
1342251937
1342251938
1342251939
1342251940
1342251941
1342251942
1342251943
1342251944
1342251945
1342251946
1342251947
1342251948
1342251949
1342251950
1342251951
1342251952
1342251953
1342251954
1342251955
1342251962
1342251963
1342251966
1342251967
1342252288
1342252289
1342252290
1342252291
1342252292
1342252293
1342252294
1342252295
1342252296
1342252297
1342252299
1342252300
1342252892
1342252893
1342252894
1342252895
1342252896
1342252897
1342252898
1342252899
1342252900
1342252901
1342252902
1342252903
1342252904
1342252905
1342252906
1342253380
1342253381
1342253382
1342253383
1342253384
1342253385
1342253386
1342253387
1342253388
1342253395
1342253396
1342253397
1342253400
1342253401
1342253403
1342253405
1342253406
1342253407
1342253408
1342253409
1342253410
1342253411
1342253412
1342253413
1342253414
1342253415
1342253416
1342253417
1342253418
1342253421
1342253422
1342253423
1342253424
1342253431
1342253432
1342253433
1342253434
1342253435
1342253436
1342253437
1342253438
1342253439
1342253643
1342253644
1342253645
1342253646
1342253647
1342253648
1342253649
1342253650
1342253651
1342253652
1342253653
1342253654
1342253655
1342253656
1342253658
1342253659
1342253660
1342253661
1342253662
1342253663
1342253664
1342253665
1342253666
1342253667
1342253668
1342253669
1342253670
1342253671
1342253672
1342253673
1342253966
1342253967
1342253968
1342253969
1342253970
1342253971
1342253972
1342253973
1342253974
1342253975
1342254033
1342254034
1342254035
1342254036
1342254037
1342254038
1342254039
1342254040
1342254041
1342254042
1342254043
1342254049
1342254051
1342254053
1342254054
1342254055
1342254056
1342254058
1342254065
1342254066
1342254067
1342254068
1342254069
1342254075
1342254082
1342254083
1342254091
1342254092
1342254093
1342254094
1342254095
1342254096
1342254097
1342254098
1342254099
1342254100
1342254101
1342254107
1342254466
1342254467
1342254468
1342254469
1342254470
1342254471
1342254472
1342254473
1342254474
1342254475
1342254476
1342254477
1342254478
1342254479
1342254480
1342254486
1342254489
1342254490
1342254493
1342254494
1342254495
1342254496
1342254497
1342254498
1342254499
1342254500
1342254501
1342254502
1342254503
1342254504
1342254505
1342254506
1342254513
1342254514
1342254515
1342254516
1342254517
1342254518
1342254519
1342254520
1342254521
1342254527
1342254628
1342254629
1342254630
1342254638
1342254639
1342254640
1342254641
1342254642
1342254643
1342254649
1342254660
1342254665
1342255000
1342255008
1342255017
1342255024
1342255025
1342255026
1342255027
1342255028
1342255029
1342255030
1342255031
1342255032
1342255033
1342255034
1342255035
1342255043
1342255044
1342255050
1342255052
1342255059
1342255064
1342255065
1342255066
1342255067
1342255068
1342255069
1342255070
1342255071
1342255072
1342255073
1342255074
1342255075
1342255076
1342255077
1342255078
1342255079
1342255080
1342255081
1342255082
1342255083
1342255084
1342255085
1342255086
1342255087
1342255088
1342255089
1342255090
1342255091
1342255092
1342255093
1342255094
1342255095
1342255096
1342255097
1342255098
1342255099
1342255100
1342255101
1342255102
1342255103
1342255104
1342255105
1342255106
1342255107
1342255108
1342255109
1342255110
1342255111
1342255112
1342255113
1342255114
1342255115
1342255116
1342255117
1342255118
1342255119
1342255120
1342255121
1342255122
1342255123
1342255124
1342255125
1342255126
1342255127
1342255128
1342255129
1342255130
1342255131
1342255132
1342255133
1342255134
1342255135
1342255136
1342255137
1342255138
1342255139
1342255140
1342255141
1342255142
1342255143
1342255144
1342255145
1342255146
1342255147
1342255148
1342255149
1342255150
1342255151
1342255152
1342255153
1342255154
1342255155
1342255156
1342255157
1342255158
1342255159
1342255160
1342255161
1342255162
1342255163
1342255164
1342255165
1342255166
1342255167
1342255168
1342255169
1342255170
1342255171
1342255172
1342255173
1342255174
1342255175
1342255176
1342255177
1342255178
1342255179
1342255180
1342255181
1342255182
1342255183
1342255184
1342255185
1342255186
1342255187
1342255188
1342255189
1342255190
1342255191
1342255192
1342255193
1342255194
1342255195
1342255196
1342255197
1342255198
1342255199
1342255200
1342255201
1342255202
1342255203
1342255204
1342255205
1342255206
1342255207
1342255208
1342255209
1342255210
1342255211
1342255212
1342255213
1342255214
1342255215
1342255216
1342255217
1342255218
1342255219
1342255220
1342255221
1342255222
1342255223
1342255224
1342255225
1342255226
1342255227
1342255228
1342255229
1342255259
1342255260
1342255261
1342255262
1342255263
1342255264
1342255265
1342255266
1342255267
1342255268
1342255269
1342255270
1342255271
1342255272
1342255274
1342255275
1342255276
1342255277
1342255278
1342255279
1342255280
1342255281
1342255282
1342255283
1342255284
1342255285
1342255286
1342255287
1342255288
1342255797
1342255798
1342255799
1342255800
1342255810
1342255811
1342255812
1342255813
1342255814
1342255815
1342255816
1342256080
1342256081
1342256082
1342256083
1342256084
1342256085
1342256086
1342256087
1342256088
1342256089
1342256090
1342256091
1342256092
1342256093
1342256095
1342256096
1342256097
1342256098
1342256099
1342256100
1342256101
1342256102
1342256103
1342256104
1342256105
1342256106
1342256107
1342256108
1342256109
1342256354
1342256355
1342256356
1342256357
1342256358
1342256359
1342256360
1342256361
1342256362
1342256363
1342256366
1342256367
1342256368
1342256369
1342256370
1342256371
1342256372
1342256373
1342256374
1342256375
1342256376
1342256377
1342256378
1342256379
1342256380
1342256624
1342256625
1342256626
1342256627
1342256628
1342256629
1342256630
1342256631
1342256632
1342256633
1342256634
1342256635
1342256636
1342256637
1342256638
1342256639
1342256640
1342256641
1342256642
1342256643
1342256644
1342256645
1342256646
1342256647
1342256648
1342256649
1342256650
1342256651
1342256652
1342256653
1342256654
1342256655
1342256656
1342256657
1342256658
1342256659
1342256660
1342256661
1342256662
1342256663
1342256664
1342256665
1342256666
1342256667
1342256668
1342256669
1342256670
1342256671
1342256672
1342256673
1342256674
1342256675
1342256676
1342256677
1342256678
1342256679
1342256680
1342256681
1342256682
1342256683
1342256684
1342256685
1342256686
1342256687
1342256688
1342256689
1342256690
1342256691
1342256692
1342256693
1342256694
1342256695
1342256696
1342256697
1342256698
1342256699
1342256700
1342256701
1342256702
1342256703
1342256704
1342256705
1342256706
1342256707
1342256708
1342256709
1342256710
1342256711
1342256712
1342256713
1342256714
1342256715
1342256716
1342256717
1342256718
1342256719
1342256720
1342256721
1342256722
1342256723
1342256724
1342256725
1342256726
1342256727
1342256728
1342256729
1342256730
1342256731
1342256732
1342256733
1342256734
1342256735
1342256736
1342256737
1342256738
1342256739
1342256740
1342256741
1342256742
1342256743
1342256744
1342256745
1342256746
1342256747
1342256748
1342256749
1342256750
1342256751
1342256752
1342256753
1342256754
1342256755
1342256756
1342256788
1342256789
1342256790
1342256791
1342256792
1342256793
1342256794
1342256795
1342256796
1342256797
1342256798
1342256799
1342256800
1342256801
1342256802
1342256803
1342256804
1342256805
1342256806
1342256807
1342256808
1342256809
1342256810
1342256811
1342256812
1342256813
1342256814
1342256815
1342256816
1342256817
1342256818
1342256819
1342256820
1342256821
1342256822
1342256823
1342256824
1342256825
1342256826
1342256827
1342256828
1342256829
1342256830
1342256831
1342256832
1342256833
1342256834
1342256835
1342256836
1342256837
1342256838
1342256839
1342256840
1342256841
1342256842
1342256843
1342256844
1342256845
1342256846
1342256847
1342256848
1342256849
1342256850
1342256851
1342256852
1342256853
1342256854
1342256855
1342256856
1342256857
1342256858
1342256859
1342256860
1342256861
1342256862
1342256863
1342256864
1342256865
1342256866
1342256867
1342256868
1342256869
1342256870
1342256871
1342256872
1342256873
1342256874
1342256875
1342256876
1342256877
1342256878
1342256879
1342256880
1342256881
1342256882
1342256883
1342256884
1342256885
1342256886
1342256887
1342256888
1342256889
1342256890
1342256891
1342256892
1342256893
1342256894
1342256895
1342256896
1342256897
1342256898
1342256899
1342256900
1342256901
1342256902
1342257305
1342257306
1342257307
1342257308
1342257309
1342257310
1342257311
1342257312
1342257313
1342257314
1342257315
1342257316
1342257317
1342257318
1342257319
1342257320
1342257321
1342257322
1342257323
1342257324
1342257325
1342257326
1342257327
1342257328
1342257329
1342257330
1342257331
1342257332
1342257333
1342257334
1342257335
1342257336
1342257337
1342257338
1342257339
1342257340
1342257341
1342257342
1342257343
1342257344
1342257345
1342257346
1342257348
1342257349
1342257350
1342257351
1342257352
1342257353
1342257357
1342257358
1342257359
1342257360
1342257361
1342257362
1342257363
1342257364
1342257365
1342257366
1342257367
1342257368
1342257369
1342257370
1342257371
1342257372
1342257373
1342257374
1342257375
1342257376
1342257377
1342257378
1342257379
1342257910
1342257911
1342257912
1342257913
1342257914
1342257915
1342257916
1342257917
1342257918
1342257919
1342257920
1342257921
1342257922
1342257923
1342257925
1342257926
1342257927
1342257928
1342257929
1342257930
1342257931
1342257932
1342257933
1342257934
1342257935
1342257936
1342257937
1342257938
1342258348
1342258349
1342258350
1342258351
1342258352
1342258353
1342258354
1342258355
1342258356
1342258357
1342258358
1342258359
1342258360
1342258361
1342258362
1342258363
1342258364
1342258365
1342258366
1342258367
1342258368
1342258369
1342258370
1342258371
1342258372
1342258373
1342258374
1342258375
1342258376
1342258377
1342258378
1342258379
1342258380
1342258381
1342258382
1342258383
1342258384
1342258385
1342258386
1342258387
1342258388
1342258389
1342258390
1342258391
1342258392
1342258393
1342258394
1342258395
1342258396
1342258397
1342258398
1342258399
1342258400
1342258401
1342258402
1342258403
1342258404
1342258405
1342258406
1342258407
1342258408
1342258409
1342258410
1342258411
1342258412
1342258413
1342258414
1342258415
1342258416
1342258417
1342258418
1342258419
1342258420
1342258421
1342258422
1342258423
1342258424
1342258425
1342258426
1342258427
1342258428
1342258696
1342258697
1342258698
1342258699
1342258700
1342258701
1342258702
1342258703
1342259064
1342259065
1342259066
1342259067
1342259068
1342259069
1342259070
1342259071
1342259072
1342259073
1342259074
1342259371
1342259372
1342259373
1342259374
1342259375
1342259376
1342259377
1342259378
1342259379
1342259380
1342259381
1342259382
1342259383
1342259384
1342259385
1342259386
1342259387
1342259388
1342259389
1342259390
1342259391
1342259392
1342259393
1342259394
1342259395
1342259396
1342259397
1342259398
1342259399
1342259400
1342259401
1342259402
1342259403
1342259404
1342259405
1342259406
1342259407
1342259408
1342259409
1342259410
1342259411
1342259412
1342259413
1342259414
1342259415
1342259416
1342259417
1342259418
1342259419
1342259420
1342259421
1342259422
1342259423
1342259424
1342259425
1342259426
1342259427
1342259428
1342259429
1342259430
1342259431
1342259432
1342259433
1342259434
1342259435
1342259436
1342259437
1342259438
1342259439
1342259440
1342259441
1342259442
1342259443
1342259444
1342259445
1342259446
1342259447
1342259448
1342259449
1342259450
1342259451
1342259452
1342259453
1342259454
1342259455
1342259456
1342259457
1342259458
1342259459
1342259460
1342259461
1342259462
1342259463
1342259464
1342259465
1342259466
1342259467
1342259468
1342259469
1342259470
1342259471
1342259472
1342259473
1342259474
1342259475
1342259476
1342259477
1342259478
1342259479
1342259480
1342259481
1342259570
1342259571
1342259572
1342259573
1342259576
1342259577
1342259578
1342259579
1342259581
1342259582
1342259583
1342259584
1342259587
1342259588
1342259589
1342259590
1342259591
1342259592
1342259593
1342259594
1342259595
1342259596
1342259597
1342261484
1342261485
1342261486
1342261487
1342261488
1342261489
1342261490
1342261491
1342261492
1342261493
1342261494
1342261495
1342261496
1342261497
1342261498
1342261499
1342261500
1342261501
1342261502
1342261503
1342261504
1342261505
1342261506
1342261507
1342261508
1342261509
1342261510
1342261511
1342261512
1342261513
1342261514
1342261515
1342261516
1342261517
1342261518
1342261519
1342261520
1342261521
1342261522
1342261523
1342261524
1342261525
1342261526
1342261527
1342261528
1342261529
1342261530
1342261531
1342261532
1342261533
1342261534
1342261535
1342261536
1342261537
1342261538
1342261539
1342261540
1342261541
1342261542
1342261543
1342261544
1342261545
1342261546
1342261547
1342261548
1342261549
1342261550
1342261551
1342261552
1342261553
1342261554
1342261555
1342261556
1342261557
1342261558
1342261559
1342261560
1342261561
1342261562
1342261563
1342261564
1342261565
1342261566
1342261567
1342261568
1342261569
1342261570
1342261571
1342261572
1342261573
1342261574
1342261575
1342261576
1342261577
1342261578
1342261579
1342261580
1342261581
1342261582
1342261583
1342261584
1342261585
1342261586
1342261587
1342261588
1342261589
1342261590
1342261591
1342261592
1342261595
1342261597
1342261598
1342261599
1342261600
1342261601
1342261602
1342261603
1342261604
1342261605
1342261606
1342261607
1342261608
1342261609
1342261610
1342261611
1342261612
1342261613
1342261614
1342261615
1342261616
1342261617
1342261618
1342261619
1342261620
1342261621
1342261622
1342261623
1342261624
1342261625
1342261626
1342261627
1342261628
1342261629
1342261630
1342261631
1342261632
1342261633
1342261634
1342261635
1342261636
1342261637
1342261638
1342261639
1342261640
1342261641
1342261642
1342261643
1342261644
1342261645
1342261646
1342261647
1342261648
1342261649
1342261650
1342261651
1342261652
1342261653
1342261654
1342261655
1342261656
1342261657
1342261658
1342261659
1342261660
1342261661
1342261662
1342261663
1342261664
1342261665
1342261666
1342261667
1342261668
1342261669
1342261670
1342261671
1342261672
1342261673
1342261674
1342261675
1342261676
1342261677
1342261678
1342261679
1342261680
1342261681
1342261682
1342261683
1342261684
1342261685
1342261686
1342261687
1342261688
1342261689
1342261690
1342261691
1342261692
1342261693
1342261694
1342261695
1342261696
1342261697
1342261698
1342261699
1342261700
1342261701
1342261702
1342261703
1342261704
1342261705
1342261706
1342261707
1342261708
1342261709
1342261710
1342261711
1342261712
1342261713
1342261714
1342261715
1342261718
1342262821
1342262822
1342262823
1342262824
1342262825
1342262826
1342262827
1342262828
1342262829
1342262830
1342262831
1342262832
1342262833
1342262834
1342262835
1342262836
1342262837
1342262838
1342262839
1342262840
1342262841
1342262842
1342262843
1342262844
1342262845
1342262846
1342262847
1342262848
1342262849
1342262850
1342262851
1342262852
1342262853
1342262854
1342262855
1342262856
1342262857
1342262858
1342262859
1342262860
1342262861
1342262862
1342262863
1342262900
1342262901
1342262902
1342262903
1342262904
1342262905
1342262906
1342262907
1342262908
1342262909
1342262910
1342262911
1342262912
1342262913
1342262914
1342262915
1342262916
1342262917
1342262918
1342262919
1342262920
1342262921
1342262922
1342262923
1342262924
1342262925
1342262926
1342262927
1342262928
1342262929
1342262931
1342263806
1342263807
1342263808
1342263809
1342263810
1342263811
1342263812
1342263813
1342263814
1342263815
1342263831
1342263836
1342263848
1342263849
1342263850
1342263851
1342263854
1342263855
1342263856
1342263857
1342263858
1342263859
1342263860
1342263861
1342263862
1342263863
1342263864
1342265286
1342265287
1342265288
1342265289
1342265290
1342265291
1342265292
1342265293
1342265294
1342265295
1342265296
1342265297
1342265298
1342265299
1342265300
1342265301
1342265302
1342265303
1342265304
1342265305
1342265306
1342265307
1342265308
1342265309
1342265310
1342265311
1342265312
1342265313
1342265314
1342265315
1342265316
1342265317
1342265318
1342265319
1342265320
1342265321
1342265322
1342265323
1342265324
1342265325
1342265326
1342265327
1342265328
1342265329
1342265330
1342265331
1342265332
1342265333
1342265334
1342265335
1342265336
1342265337
1342265338
1342265339
1342265340
1342265341
1342265342
1342265343
1342265344
1342265345
1342265346
1342265347
1342265348
1342265349
1342265350
1342265351
1342265352
1342265353
1342265354
1342265355
1342265356
1342265357
1342265358
1342265359
1342265360
1342265361
1342265362
1342265363
1342265364
1342265365
1342265366
1342265367
1342265368
1342265369
1342265370
1342265371
1342265372
1342265373
1342265374
1342265375
1342265376
1342265377
1342265378
1342265379
1342265380
1342265381
1342265382
1342265383
1342265384
1342265385
1342265386
1342265387
1342265388
1342265389
1342265390
1342265391
1342265392
1342265393
1342265394
1342265395
1342265396
1342265397
1342265398
1342265399
1342265400
1342265401
1342265402
1342265403
1342265404
1342265405
1342265406
1342265807
1342265808
1342265809
1342265810
1342265811
1342265812
1342265813
1342265814
1342265815
1342265816
1342265817
1342265818
1342265819
1342265820
1342265821
1342265822
1342265823
1342265824
1342265825
1342265826
1342265827
1342265828
1342265829
1342265830
1342265831
1342265832
1342265833
1342265834
1342265835
1342265836
1342265837
1342265838
1342265839
1342265840
1342265842
1342265843
1342265844
1342265845
1342265846
1342265847
1342265848
1342265849
1342265850
1342265851
1342265852
1342265853
1342265854
1342265855
1342265856
1342265857
1342265858
1342265859
1342265860
1342265861
1342265862
1342265863
1342265864
1342266617
1342266618
1342266619
1342266620
1342266621
1342266622
1342266623
1342266624
1342266625
1342266626
1342266627
1342266628
1342266629
1342266630
1342266631
1342266632
1342266633
1342266634
1342266635
1342266636
1342266637
1342266638
1342266639
1342266640
1342266641
1342266642
1342266643
1342266644
1342266645
1342266646
1342266647
1342266648
1342266649
1342266650
1342266651
1342266652
1342266653
1342266654
1342266655
1342266656
1342266657
1342266658
1342266659
1342266660
1342266661
1342266662
1342266663
1342266664
1342266665
1342266666
1342266667
1342266668
1342266669
1342266670
1342266672
1342266673
1342266674
1342266675
1342266676
1342266677
1342266678
1342266679
1342266680
1342266681
1342266682
1342266683
1342266684
1342266685
1342266686
1342266687
1342266688
1342266689
1342266690
1342266691
1342266692
1342266693
1342266694
1342266695
1342266696
1342266697
1342266698
1342266699
1342266700
1342266701
1342266702
1342266703
1342266704
1342266705
1342266706
1342267716
1342267717
1342267718
1342267719
1342267720
1342267721
1342267722
1342267723
1342267728
1342267730
1342267731
1342267735
1342267736
1342267737
1342267739
1342267740
1342267741
1342267742
1342267743
1342267744
1342267745
1342267747
1342267748
1342267749
1342267750
1342267751
1342267752
1342267753
1342267758
1342268284
1342268285
1342268286
1342268287
1342268288
1342268289
1342268290
1342268291
1342268292
1342268293
1342268294
1342268295
1342268296
1342268297
1342268298
1342268299
1342268300
1342268301
1342268302
1342268303
1342268304
1342268305
1342268306
1342268307
1342268308
1342268309
1342268310
1342268311
1342268312
1342268314
1342268315
1342268316
1342268317
1342268318
1342268319
1342268320
1342268321
1342268324
1342268325
1342268326
1342268327
1342268328
1342268329
1342268330
1342268331
1342268332
1342268333
1342268334
1342268335
1342268336
1342268337
1342268338
1342268339
1342268340
1342268341
1342268342
1342268343
1342268344
1342268345
1342268346
1342268347
1342268348
1342268349
1342268350
1342268351
1342268352
1342268353
1342268354
1342268355
1342268356
1342268357
1342268358
1342268359
1342268360
1342268361
1342268362
1342268363
1342268364
1342268365
1342268366
1342268367
1342268368
1342268369
1342268370
1342268371
1342268372
1342268373
1342268374
1342268375
1342268376
1342268377
1342268378
1342268379
1342268380
1342268381
1342268382
1342268383
1342268384
1342268385
1342268386
1342268387
1342268388
1342268389
1342268390
1342268391
1342268392
1342268393
1342268394
1342268395
1342268396
1342268397
1342268398
1342268399
1342268400
1342268401
1342268402
1342268403
1342268404
1342268405
1342270030
1342270031
1342270032
1342270033
1342270034
1342270035
1342270036
1342270037
1342270038
1342270039
1342270040
1342270041
1342270042
1342270043
1342270044
1342270045
1342270191
1342270192
1342270193
1342270194
1342270195
1342270198
1342270199
1342270200
1342270201
1342270202
1342270203
1342270204
1342270205
1342270206
1342270207
1342270208
1342270209
1342270210
1342270211
1342270212
1342270213
1342270214
1342270215
1342270216
1342270217
1342270218
1342270219
1342270220
1342270221
1342270222
1342270223
1342270224
1342270225
1342270226
1342270227
1342270228
1342270229
1342270230
1342270231
1342270232
1342270233
1342270234
1342270235
1342270236
1342270237
1342270238
1342270239
1342270240
1342270241
1342270242
1342270243
1342270244
1342270245
1342270246
1342270247
1342270248
1342270249
1342270250
1342270251
1342270252
1342270253
1342270254
1342270255
1342270256
1342270257
1342270258
1342270259
1342270260
1342270261
1342270262
1342270263
1342270264
1342270265
1342270266
1342270267
1342270268
1342270269
1342270270
1342270271
1342270272
1342270273
1342270274
1342270275
1342270276
1342270277
1342270278
1342270279
1342270280
1342270281
1342270282
1342270283
1342270284
1342270285
1342270286
1342270287
1342270288
1342270289
1342270290
1342270291
1342270292
1342270293
1342270294
1342270295
1342270296
1342270297
1342270298
1342270299
1342270300
1342270301
1342270302
1342270303
1342270304
1342270305
1342270306
1342270307
1342270308
1342270309
1342270310
1342270311
1342270312
1342270313
1342270314
1342270315
1342270316
1342270317
1342270318
1342270319
1342270320
1342270321
1342270322
1342270323
1342270324
1342270325
1342270326
1342270327
1342270328
1342270329
1342270330
1342270331
1342270332
1342270333
1342270334
1342270335
1342270336
1342270337
1342270338
1342272581
