1342183216
1342183236
1342183256
1342183276
1342183296
1342183416
1342183419
1342183470
1342183687
1342183688
1342183689
1342183693
1342183694
1342183695
1342183696
1342183697
1342183701
1342183702
1342183703
1342183704
1342183705
1342183706
1342183707
1342183708
1342183709
1342183710
1342183714
1342183715
1342183716
1342183717
1342183718
1342183719
1342183723
1342183724
1342183725
1342183726
1342183727
1342183728
1342183729
1342183730
1342183731
1342183732
1342183736
1342183737
1342183738
1342183739
1342183740
1342183741
1342183745
1342183746
1342183747
1342183748
1342183749
1342183813
1342183814
1342183815
1342183816
1342183817
1342183818
1342183819
1342183820
1342183821
1342183822
1342183823
1342183824
1342183825
1342183826
1342183827
1342183828
1342183829
1342183830
1342183831
1342183832
1342184113
1342184114
1342184115
1342184116
1342184117
1342184118
1342184119
1342184120
1342184121
1342184122
1342184123
1342184124
1342184125
1342184126
1342184127
1342184128
1342184129
1342184130
1342184131
1342184132
1342184133
1342184134
1342184135
1342184136
1342184137
1342184138
1342184139
1342184140
1342184150
1342184151
1342184152
1342184153
1342184154
1342184155
1342184156
1342184157
1342184158
1342184159
1342184160
1342184161
1342184162
1342184163
1342184164
1342184165
1342184166
1342184167
1342184168
1342184169
1342184170
1342184171
1342184172
1342184173
1342184174
1342184175
1342184176
1342184177
1342184178
1342184179
1342184180
1342184181
1342184434
1342184435
1342184436
1342184437
1342184438
1342184439
1342184440
1342184441
1342184442
1342184443
1342184444
1342184445
1342184446
1342184447
1342184448
1342184449
1342184450
1342184451
1342184452
1342184453
1342184454
1342184455
1342184456
1342184457
1342184458
1342184459
1342184460
1342184461
1342184462
1342184463
1342184464
1342184465
1342184750
1342184756
1342184757
1342184758
1342184759
1342184760
1342184762
1342184763
1342184764
1342184765
1342184766
1342184767
1342184768
1342184769
1342184770
1342184771
1342184772
1342184773
1342184774
1342184775
1342184776
1342184777
1342184778
1342184779
1342184780
1342184781
1342184782
1342184783
1342184784
1342184785
1342184786
1342184969
1342184973
1342184974
1342184978
1342184979
1342184983
1342184987
1342184991
1342184995
1342184998
1342185002
1342185007
1342185011
1342185012
1342185013
1342185014
1342185015
1342185016
1342185017
1342185018
1342185019
1342185020
1342185021
1342185022
1342185023
1342185024
1342185025
1342185026
1342185027
1342185028
1342185029
1342185030
1342185031
1342185032
1342185033
1342185034
1342185035
1342185036
1342185037
1342185038
1342185039
1342185040
1342185041
1342185042
1342185043
1342185044
1342185045
1342185046
1342185047
1342185048
1342185049
1342185050
1342185051
1342185052
1342185053
1342185054
1342185055
1342185056
1342185057
1342185058
1342186709
1342186710
1342186711
1342186712
1342186713
1342186714
1342186715
1342186716
1342186717
1342186718
1342186719
1342186720
1342186721
1342186722
1342186723
1342186724
1342186725
1342186726
1342186727
1342186728
1342186744
1342186745
1342186746
1342186747
1342186748
1342186749
1342186750
1342186751
1342186752
1342186753
1342186754
1342186755
1342186756
1342186757
1342187084
1342187085
1342187086
1342187087
1342187088
1342187089
1342187090
1342187091
1342187092
1342187093
1342187094
1342187095
1342187096
1342187097
1342187098
1342187099
1342187100
1342187101
1342187102
1342187103
1342187104
1342187105
1342187106
1342187108
1342187109
1342187879
1342187880
1342187883
1342187884
1342187885
1342187886
1342187887
1342187890
1342187891
1342187892
1342187893
1342187894
1342187897
1342187898
1342187899
1342187900
1342187901
1342187902
1342187903
1342187904
1342187905
1342187915
1342188185
1342188186
1342188187
1342188188
1342188189
1342188190
1342188191
1342188192
1342188195
1342188197
1342188198
1342188668
1342188669
1342188670
1342188673
1342188674
1342188675
1342188676
1342189114
1342189115
1342189116
1342189117
1342189120
1342189121
1342189122
1342189123
1342189124
1342189125
1342189126
1342189541
1342189542
1342189543
1342189544
1342189545
1342189546
1342189891
1342189892
1342189893
1342189894
1342189895
1342189896
1342189897
1342189898
1342189899
1342189900
1342189901
1342190673
1342190674
1342190675
1342190676
1342190681
1342191204
1342191205
1342191206
1342191207
1342191208
1342191209
1342191210
1342191211
1342191212
1342191213
1342191214
1342191215
1342191216
1342191217
1342191220
1342191221
1342191222
1342191223
1342191224
1342191225
1342191226
1342191227
1342191228
1342191229
1342191230
1342191231
1342191232
1342191233
1342191234
1342192172
1342192173
1342192174
1342192175
1342192176
1342192177
1342192178
1342192179
1342192180
1342192181
1342192182
1342192183
1342192184
1342192185
1342192186
1342192187
1342192188
1342192189
1342192190
1342192828
1342192829
1342192830
1342192831
1342192832
1342192833
1342192834
1342192835
1342192836
1342192837
1342192838
1342192993
1342193660
1342193661
1342193662
1342193663
1342193664
1342193665
1342193666
1342193667
1342193670
1342193671
1342193672
1342193673
1342193674
1342193675
1342193676
1342193677
1342193678
1342193679
1342193680
1342193681
1342193682
1342193687
1342193689
1342193809
1342193810
1342193811
1342193812
1342195329
1342195332
1342195333
1342195334
1342195335
1342195342
1342195347
1342195348
1342195762
1342195763
1342195764
1342195769
1342195770
1342195771
1342195774
1342195775
1342196610
1342196611
1342196614
1342196615
1342196616
1342196617
1342196620
1342197362
1342197363
1342197364
1342197365
1342197366
1342197367
1342197368
1342197369
1342197379
1342197456
1342197461
1342197462
1342197465
1342197466
1342197467
1342197468
1342197469
1342197472
1342197473
1342197474
1342197475
1342197476
1342197477
1342197478
1342197481
1342197482
1342197483
1342197484
1342197485
1342197486
1342197487
1342197488
1342197489
1342198263
1342198264
1342198265
1342198270
1342198273
1342198274
1342198277
1342198278
1342198279
1342198427
1342198428
1342198429
1342198921
1342198922
1342198923
1342198924
1342198925
1342198928
1342198929
1342198930
1342199247
1342199248
1342199249
1342199250
1342199251
1342199252
1342199253
1342199255
1342199260
1342199261
1342200171
1342200174
1342200175
1342200176
1342200177
1342200178
1342200181
1342200182
1342200184
1342201201
1342201202
1342201203
1342201204
1342201205
1342201495
1342201496
1342202259
1342202260
1342202261
1342202262
1342202263
1342202264
1342202265
1342202266
1342202267
1342202268
1342202269
1342202270
1342202271
1342202272
1342202273
1342204020
1342204021
1342204022
1342204023
1342204024
1342204025
1342204026
1342204027
1342204028
1342204029
1342204030
1342204031
1342204032
1342204033
1342204034
1342204035
1342204036
1342204037
1342204878
1342204879
1342204880
1342204881
1342204882
1342204883
1342204884
1342204885
1342204886
1342204887
1342204888
1342204889
1342204890
1342204891
1342204892
1342204893
1342204894
1342204895
1342204896
1342204897
1342204898
1342204899
1342204900
1342204901
1342204902
1342204903
1342204904
1342204905
1342204906
1342204907
1342204908
1342204909
1342204910
1342204911
1342204912
1342204913
1342204914
1342204915
1342204916
1342204917
1342204918
1342204919
1342204920
1342204921
1342204922
1342204923
1342204924
1342204925
1342204926
1342204927
1342204928
1342204929
1342204930
1342204931
1342204932
1342204933
1342204934
1342206232
1342206233
1342206234
1342206235
1342206236
1342206237
1342206238
1342206239
1342206240
1342206241
1342206243
1342208380
1342208381
1342208382
1342208383
1342208384
1342208385
1342208387
1342208388
1342208389
1342208390
1342208391
1342208394
1342209276
1342209277
1342209278
1342209279
1342209280
1342209281
1342209282
1342209850
1342209851
1342209852
1342209853
1342209854
1342209855
1342209856
1342209857
1342209858
1342209859
1342210493
1342210841
1342210844
1342210846
1342210847
1342210848
1342210849
1342210850
1342210851
1342210856
1342210857
1342210858
1342210859
1342210860
1342210861
1342210862
1342210863
1342212314
1342212315
1342212316
1342212317
1342212318
1342212319
1342212320
1342212321
1342212324
1342212325
1342212338
1342212340
1342212341
1342212342
1342212343
1342212344
1342212345
1342212346
1342212347
1342212348
1342213372
1342213373
1342213374
1342213375
1342213376
1342213377
1342213378
1342213379
1342213381
1342213382
1342213442
1342213443
1342213444
1342213445
1342213446
1342214814
1342214815
1342214816
1342214817
1342214818
1342214819
1342214820
1342214821
1342214822
1342214823
1342214824
1342214825
1342214826
1342214827
1342214828
1342214829
1342214830
1342214831
1342214832
1342214833
1342214836
1342214838
1342214839
1342214840
1342214841
1342214842
1342214843
1342214844
1342214845
1342214846
1342214847
1342214848
1342214849
1342214850
1342214851
1342214852
1342214853
1342214854
1342214855
1342214856
1342214857
1342214858
1342214859
1342216876
1342216877
1342216878
1342216879
1342216880
1342216881
1342216882
1342216883
1342216884
1342216885
1342216886
1342216887
1342216888
1342216889
1342216890
1342216892
1342216893
1342216894
1342216895
1342216896
1342216897
1342216898
1342216899
1342216901
1342216902
1342216903
1342216904
1342216905
1342216906
1342216907
1342216908
1342216909
1342216910
1342216911
1342216912
1342219549
1342219550
1342219551
1342219552
1342219553
1342219554
1342219555
1342219556
1342219557
1342219560
1342219562
1342219564
1342219565
1342219566
1342219567
1342219568
1342219569
1342219570
1342219571
1342219572
1342219573
1342219574
1342219575
1342219576
1342221679
1342221680
1342221681
1342221682
1342221683
1342221684
1342221685
1342221686
1342221687
1342221688
1342221689
1342221694
1342221695
1342221696
1342221697
1342221698
1342221699
1342221700
1342221701
1342221702
1342221703
1342221707
1342221708
1342221709
1342221710
1342221711
1342221712
1342221713
1342221714
1342221715
1342221716
1342221717
1342222861
1342222862
1342222864
1342222865
1342222866
1342222867
1342222868
1342222869
1342222872
1342222873
1342222874
1342224747
1342224748
1342224749
1342224750
1342224751
1342224752
1342224753
1342224754
1342224755
1342224756
1342224757
1342224758
1342224759
1342224762
1342224763
1342224764
1342224765
1342224766
1342224767
1342224768
1342224769
1342224770
1342227449
1342227450
1342227451
1342227452
1342227453
1342227454
1342227455
1342227456
1342227457
1342227458
1342227459
1342227460
1342227516
1342227517
1342227518
1342227519
1342227520
1342227521
1342227522
1342227777
1342227778
1342227779
1342227780
1342227781
1342227782
1342227783
1342227784
1342227785
1342227786
1342227787
1342227788
1342227789
1342227790
1342227791
1342227792
1342227794
1342228698
1342228699
1342228700
1342228701
1342228702
1342228703
1342228704
1342228705
1342228706
1342228707
1342228708
1342228728
1342228729
1342228730
1342228731
1342228732
1342228733
1342228734
1342228735
1342228736
1342228737
1342228738
1342228739
1342228740
1342228741
1342228742
1342228743
1342228744
1342228745
1342228746
1342228747
1342228748
1342230412
1342230413
1342230414
1342230415
1342230416
1342230417
1342230418
1342230419
1342230420
1342230421
1342231038
1342231039
1342231040
1342231041
1342231042
1342231043
1342231044
1342231045
1342231046
1342231047
1342231048
1342231049
1342231050
1342231051
1342231052
1342231053
1342231056
1342231057
1342231058
1342231059
1342231060
1342231061
1342231062
1342231063
1342231064
1342231065
1342231066
1342231067
1342231068
1342231069
1342231070
1342231071
1342231072
1342231073
1342231074
1342231075
1342231076
1342231077
1342231078
1342231079
1342231080
1342231081
1342231082
1342231083
1342231084
1342231085
1342231086
1342231971
1342231972
1342231973
1342231974
1342231975
1342231976
1342231977
1342231978
1342231979
1342231980
1342231981
1342231982
1342231984
1342231985
1342231986
1342231987
1342231988
1342231989
1342231990
1342231991
1342231992
1342231993
1342231994
1342231995
1342233777
1342233778
1342233779
1342233780
1342233781
1342233782
1342233783
1342233784
1342233785
1342233786
1342233787
1342233788
1342233789
1342233790
1342233791
1342233792
1342233794
1342233795
1342233821
1342233822
1342233823
1342233824
1342233825
1342233826
1342233827
1342233828
1342233829
1342233830
1342233831
1342233832
1342233833
1342236993
1342236994
1342236995
1342236996
1342236997
1342236998
1342236999
1342237000
1342237001
1342237002
1342237003
1342237004
1342237005
1342237006
1342237007
1342237008
1342237010
1342237013
1342237014
1342237015
1342237016
1342237017
1342237018
1342237019
1342237020
1342237021
1342237022
1342237023
1342237024
1342237025
1342237026
1342237027
1342237028
1342237029
1342238240
1342238241
1342238242
1342238243
1342238244
1342238245
1342238246
1342238696
1342238697
1342238698
1342238699
1342238700
1342238701
1342238702
1342238703
1342238704
1342238706
1342238707
1342238708
1342238709
1342238710
1342238711
1342238712
1342238713
1342239337
1342239338
1342239339
1342239340
1342239341
1342239342
1342239343
1342239344
1342239345
1342239346
1342239347
1342239348
1342239349
1342239350
1342239352
1342239353
1342239354
1342239355
1342239356
1342239357
1342239358
1342239359
1342239360
1342239361
1342239362
1342240013
1342240014
1342240015
1342240016
1342240017
1342240018
1342240019
1342240020
1342240021
1342240022
1342242588
1342242589
1342242590
1342242591
1342242592
1342242593
1342242594
1342242595
1342242596
1342242597
1342242598
1342242599
1342242600
1342242619
1342242620
1342242621
1342242622
1342242623
1342242624
1342242626
1342243591
1342243592
1342243593
1342243594
1342243595
1342243596
1342243597
1342243598
1342243599
1342243600
1342243601
1342243602
1342243603
1342243604
1342243605
1342243606
1342243607
1342243608
1342243609
1342243610
1342243611
1342243612
1342243613
1342243614
1342243615
1342243616
1342243617
1342243618
1342243619
1342243620
1342243621
1342243623
1342243624
1342243625
1342243626
1342243627
1342243628
1342243629
1342243630
1342243631
1342243632
1342243633
1342243634
1342243635
1342243636
1342243637
1342243638
1342243639
1342243640
1342243641
1342243642
1342245074
1342245075
1342245076
1342245077
1342245078
1342245079
1342245080
1342245081
1342245082
1342245083
1342245084
1342245085
1342245086
1342245087
1342245088
1342245089
1342245090
1342245091
1342245092
1342245093
1342245094
1342245095
1342245096
1342245097
1342245106
1342245107
1342245108
1342245109
1342245110
1342245111
1342245112
1342245113
1342245114
1342245115
1342245116
1342245117
1342245118
1342245119
1342245120
1342245121
1342245122
1342245123
1342245124
1342245125
1342245126
1342245127
1342245842
1342245843
1342245844
1342245845
1342245846
1342245847
1342245848
1342245849
1342245850
1342245851
1342245852
1342245853
1342245854
1342245855
1342245856
1342245857
1342245858
1342245860
1342245861
1342245862
1342245863
1342245864
1342245865
1342245866
1342245867
1342245868
1342245869
1342245870
1342245871
1342245872
1342245873
1342246253
1342246254
1342246255
1342246256
1342246257
1342246258
1342246259
1342246260
1342246261
1342246262
1342246263
1342246264
1342246265
1342246266
1342246268
1342246269
1342246270
1342246271
1342246272
1342246273
1342246274
1342246275
1342246276
1342246277
1342246278
1342246279
1342246280
1342246281
1342246282
1342246283
1342246284
1342246285
1342246286
1342246287
1342246288
1342246289
1342246971
1342246972
1342246973
1342246974
1342246975
1342246976
1342246977
1342246978
1342246979
1342246980
1342246981
1342246982
1342246983
1342246984
1342246985
1342246986
1342246988
1342246989
1342246990
1342246991
1342246992
1342246993
1342246994
1342246995
1342247096
1342247097
1342247098
1342247099
1342247100
1342247101
1342247102
1342247103
1342247104
1342247105
1342247106
1342247107
1342247108
1342247109
1342247110
1342247111
1342247113
1342247115
1342247116
1342247117
1342247118
1342247119
1342247120
1342247121
1342247122
1342247123
1342247124
1342247558
1342247559
1342247560
1342247561
1342247562
1342247563
1342247564
1342247565
1342247566
1342247567
1342247568
1342247569
1342247570
1342247571
1342247572
1342247573
1342247574
1342247575
1342247576
1342247577
1342247604
1342247605
1342247606
1342247607
1342247608
1342247609
1342247610
1342247611
1342247612
1342247613
1342247614
1342247615
1342247616
1342247617
1342247618
1342247619
1342247620
1342247621
1342247622
1342247623
1342247624
1342247625
1342247626
1342247743
1342247744
1342247745
1342247746
1342247747
1342247748
1342247749
1342247750
1342247751
1342247752
1342247753
1342247754
1342247755
1342247756
1342247758
1342247759
1342247760
1342247761
1342247762
1342247763
1342247764
1342247765
1342247766
1342247767
1342247768
1342247769
1342248226
1342248227
1342248228
1342248229
1342248230
1342248231
1342248232
1342248233
1342248234
1342248235
1342248236
1342248237
1342248239
1342248240
1342248241
1342248242
1342248243
1342248244
1342248245
1342248246
1342248247
1342248248
1342248249
1342248250
1342248251
1342248252
1342248253
1342248411
1342248412
1342248413
1342248414
1342248415
1342248416
1342248417
1342248418
1342248419
1342248420
1342248421
1342249041
1342249042
1342249043
1342249044
1342249045
1342249046
1342249047
1342249048
1342249049
1342249050
1342249051
1342249052
1342249053
1342249054
1342249055
1342249056
1342249063
1342249064
1342249065
1342249066
1342249067
1342249068
1342249069
1342249070
1342249071
1342249072
1342249450
1342249451
1342249452
1342249453
1342249454
1342249455
1342249456
1342249457
1342249458
1342249459
1342249461
1342249462
1342249463
1342249464
1342249465
1342249466
1342249467
1342249470
1342249471
1342249472
1342249473
1342249474
1342249475
1342249476
1342249477
1342249478
1342249479
1342249480
1342249484
1342250495
1342250496
1342250497
1342250498
1342250499
1342250500
1342250501
1342250502
1342250503
1342250504
1342250505
1342250506
1342250507
1342250508
1342250509
1342250510
1342250511
1342250512
1342250513
1342250514
1342250515
1342250516
1342250517
1342250518
1342250519
1342250520
1342250521
1342250523
1342250524
1342250525
1342250526
1342250527
1342250528
1342250529
1342250530
1342250531
1342250532
1342250533
1342250534
1342250535
1342250536
1342250537
1342250558
1342251280
1342251281
1342251282
1342251283
1342251284
1342251285
1342251286
1342251287
1342251288
1342251289
1342251290
1342251291
1342251292
1342251293
1342251294
1342251295
1342251296
1342251297
1342251298
1342251299
1342251300
1342251301
1342251302
1342251303
1342251304
1342251306
1342251307
1342251308
1342251309
1342251310
1342251311
1342251312
1342251313
1342251314
1342251315
1342251316
1342251317
1342251318
1342251319
1342251320
1342251321
1342251322
1342251323
1342251324
1342251325
1342251326
1342251327
1342251328
1342251329
1342251330
1342251331
1342251332
1342251333
1342251334
1342251335
1342251336
1342252288
1342252289
1342252290
1342252291
1342252292
1342252293
1342252294
1342252295
1342252296
1342252297
1342252299
1342252300
1342252892
1342252893
1342252894
1342252895
1342252896
1342252897
1342252898
1342252899
1342252900
1342252901
1342252902
1342252903
1342252904
1342252905
1342252906
1342253643
1342253644
1342253645
1342253646
1342253647
1342253648
1342253649
1342253650
1342253651
1342253652
1342253653
1342253654
1342253655
1342253656
1342253658
1342253659
1342253660
1342253661
1342253662
1342253663
1342253664
1342253665
1342253666
1342253667
1342253668
1342253669
1342253670
1342253671
1342253672
1342253673
1342253966
1342253967
1342253968
1342253969
1342253970
1342253971
1342253972
1342253973
1342253974
1342253975
1342254033
1342254034
1342254035
1342254036
1342254037
1342254038
1342254039
1342254040
1342254041
1342254042
1342254043
1342255259
1342255260
1342255261
1342255262
1342255263
1342255264
1342255265
1342255266
1342255267
1342255268
1342255269
1342255270
1342255271
1342255272
1342255274
1342255275
1342255276
1342255277
1342255278
1342255279
1342255280
1342255281
1342255282
1342255283
1342255284
1342255285
1342255286
1342255287
1342255288
1342255797
1342255798
1342255799
1342255800
1342255810
1342255811
1342255812
1342255813
1342255814
1342255815
1342255816
1342256080
1342256081
1342256082
1342256083
1342256084
1342256085
1342256086
1342256087
1342256088
1342256089
1342256090
1342256091
1342256092
1342256093
1342256095
1342256096
1342256097
1342256098
1342256099
1342256100
1342256101
1342256102
1342256103
1342256104
1342256105
1342256106
1342256107
1342256108
1342256109
1342256354
1342256355
1342256356
1342256357
1342256358
1342256359
1342256360
1342256361
1342256362
1342256363
1342256366
1342256367
1342256368
1342256369
1342256370
1342256371
1342256372
1342256373
1342256374
1342256375
1342256376
1342256377
1342256378
1342256379
1342256380
1342257305
1342257306
1342257307
1342257308
1342257309
1342257310
1342257311
1342257312
1342257313
1342257314
1342257315
1342257316
1342257317
1342257318
1342257319
1342257320
1342257321
1342257322
1342257323
1342257324
1342257325
1342257326
1342257327
1342257328
1342257329
1342257330
1342257331
1342257332
1342257333
1342257334
1342257335
1342257336
1342257337
1342257338
1342257339
1342257340
1342257341
1342257342
1342257343
1342257344
1342257345
1342257346
1342257348
1342257349
1342257350
1342257351
1342257352
1342257353
1342257910
1342257911
1342257912
1342257913
1342257914
1342257915
1342257916
1342257917
1342257918
1342257919
1342257920
1342257921
1342257922
1342257923
1342257925
1342257926
1342257927
1342257928
1342257929
1342257930
1342257931
1342257932
1342257933
1342257934
1342257935
1342257936
1342257937
1342257938
1342258696
1342258697
1342258698
1342258699
1342258700
1342258701
1342258702
1342258703
1342259064
1342259065
1342259066
1342259067
1342259068
1342259069
1342259070
1342259071
1342259072
1342259073
1342259074
1342259570
1342259571
1342259572
1342259573
1342259576
1342259577
1342259578
1342259579
1342259581
1342259582
1342259583
1342259584
1342259587
1342259588
1342259589
1342259590
1342259591
1342259592
1342259593
1342259594
1342259595
1342259596
1342259597
1342262821
1342262822
1342262823
1342262824
1342262825
1342262826
1342262827
1342262828
1342262829
1342262830
1342262831
1342262832
1342262833
1342262834
1342262835
1342262836
1342262837
1342262838
1342262839
1342262840
1342262841
1342262842
1342262843
1342262844
1342262845
1342262846
1342262847
1342262848
1342262849
1342262850
1342262851
1342262852
1342262853
1342262854
1342262855
1342262856
1342262857
1342262858
1342262859
1342262860
1342262861
1342262862
1342262863
1342262900
1342262901
1342262902
1342262903
1342262904
1342262905
1342262906
1342262907
1342262908
1342262909
1342262910
1342262911
1342262912
1342262913
1342262914
1342262915
1342262916
1342262917
1342262918
1342262919
1342262920
1342262921
1342262922
1342262923
1342262924
1342262925
1342262926
1342262927
1342262928
1342262929
1342262931
1342265807
1342265808
1342265809
1342265810
1342265811
1342265812
1342265813
1342265814
1342265815
1342265816
1342265817
1342265818
1342265819
1342265820
1342265821
1342265822
1342265823
1342265824
1342265825
1342265826
1342265827
1342265828
1342265829
1342265830
1342265831
1342265832
1342265833
1342265834
1342265835
1342265836
1342265837
1342265838
1342265839
1342265840
1342265842
1342265843
1342265844
1342265845
1342265846
1342265847
1342265848
1342265849
1342265850
1342265851
1342265852
1342265853
1342265854
1342265855
1342265856
1342265857
1342265858
1342265859
1342265860
1342265861
1342265862
1342265863
1342265864
1342268284
1342268285
1342268286
1342268287
1342268288
1342268289
1342268290
1342268291
1342268292
1342268293
1342268294
1342268295
1342268296
1342268297
1342268298
1342268299
1342268300
1342268301
1342268302
1342268303
1342268304
1342268305
1342268306
1342268307
1342268308
1342268309
1342268310
1342268311
1342268312
1342268314
1342268315
1342268316
1342268317
1342268318
1342268319
1342268320
1342268321
1342270030
1342270031
1342270032
1342270033
1342270034
1342270035
1342270036
1342270037
1342270038
1342270039
1342270040
1342270041
1342270042
1342270043
1342270044
1342270045
1342270191
1342270192
1342270193
1342270194
1342270195
1342270208
